# Plot of the solution of the LC-Diode
0 0 0 0 1000 10000 
7.5e-11 7.5e-11 2.16447e-16 8.14032e-06 1000 10000 
1.5e-10 1.5e-10 1.6091e-15 3.09464e-05 1000 10000 
2.25e-10 2.25e-10 5.15414e-15 6.49296e-05 1000 10000 
3e-10 3e-10 1.15234e-14 0.00010552 1000 10000 
3.75e-10 3.75e-10 2.10187e-14 0.00014749 1000 10000 
4.5e-10 4.5e-10 3.35397e-14 0.000185407 1000 10000 
5.25e-10 5.25e-10 4.8586e-14 0.000214104 1000 10000 
6e-10 6e-10 6.52932e-14 0.000229105 1000 10000 
6.75e-10 6.75e-10 8.24994e-14 0.000227 1000 10000 
7.5e-10 7.5e-10 9.88363e-14 0.00020573 1000 10000 
8.25e-10 8.25e-10 1.12838e-13 0.000164778 1000 10000 
9e-10 9e-10 1.23061e-13 0.000105234 1000 10000 
9.75e-10 9.75e-10 1.28202e-13 2.97485e-05 1000 10000 
1.05e-09 1.05e-09 1.27405e-13 -4.71294e-05 1000 10000 
1.125e-09 1.125e-09 1.21938e-13 -9.51944e-05 1000 10000 
1.2e-09 1.2e-09 1.13588e-13 -0.000125526 1000 10000 
1.275e-09 1.275e-09 1.03383e-13 -0.000145375 1000 10000 
1.35e-09 1.35e-09 9.19702e-14 -0.000158043 1000 10000 
1.425e-09 1.425e-09 7.98292e-14 -0.00016491 1000 10000 
1.5e-09 1.5e-09 6.73728e-14 -0.000166497 1000 10000 
1.575e-09 1.575e-09 5.49885e-14 -0.000163011 1000 10000 
1.65e-09 1.65e-09 4.30503e-14 -0.000154633 1000 10000 
1.725e-09 1.725e-09 3.1915e-14 -0.000141656 1000 10000 
1.8e-09 1.8e-09 2.19111e-14 -0.000124547 1000 10000 
1.875e-09 1.875e-09 1.33248e-14 -0.000103961 1000 10000 
1.95e-09 1.95e-09 6.38682e-15 -8.07287e-05 1000 10000 
2.025e-09 2.025e-09 1.25984e-15 -5.58195e-05 1000 10000 
2.1e-09 2.1e-09 -1.96998e-15 -3.03006e-05 1000 10000 
2.175e-09 2.175e-09 -3.29847e-15 -5.28232e-06 1000 10000 
2.25e-09 2.25e-09 -2.7038e-15 2.28486e-05 1000 10000 
2.325e-09 2.325e-09 4.18613e-16 6.17272e-05 1000 10000 
2.4e-09 2.4e-09 6.7208e-15 0.000106861 1000 10000 
2.475e-09 2.475e-09 1.64681e-14 0.00015276 1000 10000 
2.55e-09 2.55e-09 2.95062e-14 0.000193795 1000 10000 
2.625e-09 2.625e-09 4.52686e-14 0.000224667 1000 10000 
2.7e-09 2.7e-09 6.28177e-14 0.000240846 1000 10000 
2.775e-09 2.775e-09 8.09171e-14 0.000238938 1000 10000 
2.85e-09 2.85e-09 9.81278e-14 0.000216966 1000 10000 
2.925e-09 2.925e-09 1.12921e-13 0.000174548 1000 10000 
3e-09 3e-09 1.23803e-13 0.000112952 1000 10000 
3.075e-09 3.075e-09 1.29432e-13 3.50329e-05 1000 10000 
3.15e-09 3.15e-09 1.28903e-13 -4.5592e-05 1000 10000 
3.225e-09 3.225e-09 1.23448e-13 -9.61548e-05 1000 10000 
3.3e-09 3.3e-09 1.14979e-13 -0.000127575 1000 10000 
3.375e-09 3.375e-09 1.04605e-13 -0.000147765 1000 10000 
3.45e-09 3.45e-09 9.30134e-14 -0.00016037 1000 10000 
3.525e-09 3.525e-09 8.07076e-14 -0.000166957 1000 10000 
3.6e-09 3.6e-09 6.81121e-14 -0.000168149 1000 10000 
3.675e-09 3.675e-09 5.56205e-14 -0.000164217 1000 10000 
3.75e-09 3.75e-09 4.36089e-14 -0.000155383 1000 10000 
3.825e-09 3.825e-09 3.2434e-14 -0.00014197 1000 10000 
3.9e-09 3.9e-09 2.24215e-14 -0.000124467 1000 10000 
3.975e-09 3.975e-09 1.38542e-14 -0.000103548 1000 10000 
4.05e-09 4.05e-09 6.9573e-15 -8.00568e-05 1000 10000 
4.125e-09 4.125e-09 1.88775e-15 -5.49728e-05 1000 10000 
4.2e-09 4.2e-09 -1.27484e-15 -2.9368e-05 1000 10000 
4.275e-09 4.275e-09 -2.53304e-15 -4.35357e-06 1000 10000 
4.35e-09 4.35e-09 -1.85736e-15 2.41392e-05 1000 10000 
4.425e-09 4.425e-09 1.37322e-15 6.32828e-05 1000 10000 
4.5e-09 4.5e-09 7.79324e-15 0.000108404 1000 10000 
4.575e-09 4.575e-09 1.76463e-14 0.000153992 1000 10000 
4.65e-09 4.65e-09 3.07557e-14 0.000194424 1000 10000 
4.725e-09 4.725e-09 4.65343e-14 0.000224437 1000 10000 
4.8e-09 4.8e-09 6.40276e-14 0.000239562 1000 10000 
4.875e-09 4.875e-09 8.19872e-14 0.000236482 1000 10000 
4.95e-09 4.95e-09 9.89686e-14 0.000213316 1000 10000 
5.025e-09 5.025e-09 1.13446e-13 0.00016978 1000 10000 
5.1e-09 5.1e-09 1.23933e-13 0.000107241 1000 10000 
5.175e-09 5.175e-09 1.29107e-13 2.86469e-05 1000 10000 
5.25e-09 5.25e-09 1.28143e-13 -5.00575e-05 1000 10000 
5.325e-09 5.325e-09 1.22433e-13 -9.86501e-05 1000 10000 
5.4e-09 5.4e-09 1.13821e-13 -0.00012899 1000 10000 
5.475e-09 5.475e-09 1.03367e-13 -0.000148521 1000 10000 
5.55e-09 5.55e-09 9.17369e-14 -0.000160655 1000 10000 
5.625e-09 5.625e-09 7.94247e-14 -0.000166847 1000 10000 
5.7e-09 5.7e-09 6.68511e-14 -0.000167675 1000 10000 
5.775e-09 5.775e-09 5.44082e-14 -0.000163395 1000 10000 
5.85e-09 5.85e-09 4.24708e-14 -0.000154231 1000 10000 
5.925e-09 5.925e-09 3.13937e-14 -0.000140517 1000 10000 
6e-09 6e-09 2.15002e-14 -0.000122756 1000 10000 
6.075e-09 6.075e-09 1.30691e-14 -0.000101634 1000 10000 
6.15e-09 6.15e-09 6.32128e-15 -7.80075e-05 1000 10000 
6.225e-09 6.225e-09 1.40808e-15 -5.28643e-05 1000 10000 
6.3e-09 6.3e-09 -1.59673e-15 -2.72812e-05 1000 10000 
6.375e-09 6.375e-09 -2.70185e-15 -2.37026e-06 1000 10000 
6.45e-09 6.45e-09 -1.8472e-15 2.70001e-05 1000 10000 
6.525e-09 6.525e-09 1.62628e-15 6.68406e-05 1000 10000 
6.6e-09 6.6e-09 8.32595e-15 0.000112239 1000 10000 
6.675e-09 6.675e-09 1.84627e-14 0.000157657 1000 10000 
6.75e-09 6.75e-09 3.18268e-14 0.000197486 1000 10000 
6.825e-09 6.825e-09 4.77998e-14 0.000226508 1000 10000 
6.9e-09 6.9e-09 6.5401e-14 0.00024033 1000 10000 
6.975e-09 6.975e-09 8.33624e-14 0.000235741 1000 10000 
7.05e-09 7.05e-09 1.00228e-13 0.000210975 1000 10000 
7.125e-09 7.125e-09 1.14471e-13 0.000165878 1000 10000 
7.2e-09 7.2e-09 1.24612e-13 0.000101944 1000 10000 
7.275e-09 7.275e-09 1.29345e-13 2.22347e-05 1000 10000 
7.35e-09 7.35e-09 1.27943e-13 -5.4647e-05 1000 10000 
7.425e-09 7.425e-09 1.2196e-13 -0.000101494 1000 10000 
7.5e-09 7.5e-09 1.13176e-13 -0.000130843 1000 10000 
7.575e-09 7.575e-09 1.02607e-13 -0.000149736 1000 10000 
7.65e-09 7.65e-09 9.0905e-14 -0.000161388 1000 10000 
7.725e-09 7.725e-09 7.85537e-14 -0.000167162 1000 10000 
7.8e-09 7.8e-09 6.59715e-14 -0.000167596 1000 10000 
7.875e-09 7.875e-09 5.35487e-14 -0.000162937 1000 10000 
7.95e-09 7.95e-09 4.16593e-14 -0.000153415 1000 10000 
8.025e-09 8.025e-09 3.06559e-14 -0.000139374 1000 10000 
8.1e-09 8.1e-09 2.08589e-14 -0.000121332 1000 10000 
8.175e-09 8.175e-09 1.25434e-14 -9.99876e-05 1000 10000 
8.25e-09 8.25e-09 5.92515e-15 -7.62084e-05 1000 10000 
8.325e-09 8.325e-09 1.15012e-15 -5.0991e-05 1000 10000 
8.4e-09 8.4e-09 -1.71407e-15 -2.54167e-05 1000 10000 
8.475e-09 8.475e-09 -2.68233e-15 -5.97632e-07 1000 10000 
8.55e-09 8.55e-09 -1.66303e-15 2.96231e-05 1000 10000 
8.625e-09 8.625e-09 2.03117e-15 7.00479e-05 1000 10000 
8.7e-09 8.7e-09 8.98073e-15 0.000115634 1000 10000 
8.775e-09 8.775e-09 1.93658e-14 0.000160822 1000 10000 
8.85e-09 8.85e-09 3.29455e-14 0.000200015 1000 10000 
8.925e-09 8.925e-09 4.90728e-14 0.000228044 1000 10000 
9e-09 9e-09 6.67427e-14 0.000240592 1000 10000 
9.075e-09 9.075e-09 8.46699e-14 0.000234546 1000 10000 
9.15e-09 9.15e-09 1.01389e-13 0.000208258 1000 10000 
9.225e-09 9.225e-09 1.15372e-13 0.000161695 1000 10000 
9.3e-09 9.3e-09 1.2515e-13 9.64715e-05 1000 10000 
9.375e-09 9.375e-09 1.29433e-13 1.57604e-05 1000 10000 
9.45e-09 9.45e-09 1.27611e-13 -5.89879e-05 1000 10000 
9.525e-09 9.525e-09 1.21372e-13 -0.000104152 1000 10000 
9.6e-09 9.6e-09 1.12426e-13 -0.000132544 1000 10000 
9.675e-09 9.675e-09 1.01754e-13 -0.000150819 1000 10000 
9.75e-09 9.75e-09 8.9989e-14 -0.000162001 1000 10000 
9.825e-09 9.825e-09 7.76073e-14 -0.000167364 1000 10000 
9.9e-09 9.9e-09 6.50245e-14 -0.000167412 1000 10000 
9.975e-09 9.975e-09 5.26296e-14 -0.000162382 1000 10000 
1.005e-08 1.005e-08 4.07951e-14 -0.000152509 1000 10000 
1.0125e-08 1.0125e-08 2.98718e-14 -0.000138149 1000 10000 
1.02e-08 1.02e-08 2.01773e-14 -0.000119834 1000 10000 
1.0275e-08 1.0275e-08 1.19824e-14 -9.82769e-05 1000 10000 
1.035e-08 1.035e-08 5.49824e-15 -7.43549e-05 1000 10000 
1.0425e-08 1.0425e-08 8.65089e-16 -4.90732e-05 1000 10000 
1.05e-08 1.05e-08 -1.85549e-15 -2.35173e-05 1000 10000 
1.0575e-08 1.0575e-08 -2.68438e-15 1.22107e-06 1000 10000 
1.065e-08 1.065e-08 -1.49271e-15 3.23579e-05 1000 10000 
1.0725e-08 1.0725e-08 2.43016e-15 7.3354e-05 1000 10000 
1.08e-08 1.08e-08 9.63626e-15 0.000119107 1000 10000 
1.0875e-08 1.0875e-08 2.02745e-14 0.000164038 1000 10000 
1.095e-08 1.095e-08 3.40727e-14 0.000202567 1000 10000 
1.1025e-08 1.1025e-08 5.03549e-14 0.000229575 1000 10000 
1.11e-08 1.11e-08 6.80921e-14 0.000240822 1000 10000 
1.1175e-08 1.1175e-08 8.59819e-14 0.0002333 1000 10000 
1.125e-08 1.125e-08 1.0255e-13 0.000205475 1000 10000 
1.1325e-08 1.1325e-08 1.16269e-13 0.000157439 1000 10000 
1.14e-08 1.14e-08 1.25677e-13 9.09277e-05 1000 10000 
1.1475e-08 1.1475e-08 1.29506e-13 9.22389e-06 1000 10000 
1.155e-08 1.155e-08 1.27273e-13 -6.32108e-05 1000 10000 
1.1625e-08 1.1625e-08 1.20783e-13 -0.000106751 1000 10000 
1.17e-08 1.17e-08 1.11679e-13 -0.000134212 1000 10000 
1.1775e-08 1.1775e-08 1.00907e-13 -0.00015188 1000 10000 
1.185e-08 1.185e-08 8.90798e-14 -0.000162595 1000 10000 
1.1925e-08 1.1925e-08 7.66692e-14 -0.000167549 1000 10000 
1.2e-08 1.2e-08 6.40871e-14 -0.000167209 1000 10000 
1.2075e-08 1.2075e-08 5.17214e-14 -0.000161808 1000 10000 
1.215e-08 1.215e-08 3.99432e-14 -0.000151585 1000 10000 
1.2225e-08 1.2225e-08 2.91012e-14 -0.00013691 1000 10000 
1.23e-08 1.23e-08 1.951e-14 -0.000118325 1000 10000 
1.2375e-08 1.2375e-08 1.14365e-14 -9.65592e-05 1000 10000 
1.245e-08 1.245e-08 5.08677e-15 -7.24995e-05 1000 10000 
1.2525e-08 1.2525e-08 5.95433e-16 -4.71591e-05 1000 10000 
1.26e-08 1.26e-08 -1.98203e-15 -2.16274e-05 1000 10000 
1.2675e-08 1.2675e-08 -2.67154e-15 3.10025e-06 1000 10000 
1.275e-08 1.275e-08 -1.30357e-15 3.5133e-05 1000 10000 
1.2825e-08 1.2825e-08 2.84988e-15 7.66706e-05 1000 10000 
1.29e-08 1.29e-08 1.03122e-14 0.000122559 1000 10000 
1.2975e-08 1.2975e-08 2.12009e-14 0.000167203 1000 10000 
1.305e-08 1.305e-08 3.52127e-14 0.000205041 1000 10000 
1.3125e-08 1.3125e-08 5.1643e-14 0.000231005 1000 10000 
1.32e-08 1.32e-08 6.94395e-14 0.000240939 1000 10000 
1.3275e-08 1.3275e-08 8.7283e-14 0.000231933 1000 10000 
1.335e-08 1.335e-08 1.03691e-13 0.000202575 1000 10000 
1.3425e-08 1.3425e-08 1.17137e-13 0.00015308 1000 10000 
1.35e-08 1.35e-08 1.2617e-13 8.53015e-05 1000 10000 
1.3575e-08 1.3575e-08 1.29538e-13 2.63347e-06 1000 10000 
1.365e-08 1.365e-08 1.26908e-13 -6.72544e-05 1000 10000 
1.3725e-08 1.3725e-08 1.20177e-13 -0.000109251 1000 10000 
1.38e-08 1.38e-08 1.10923e-13 -0.000135821 1000 10000 
1.3875e-08 1.3875e-08 1.00053e-13 -0.000152899 1000 10000 
1.395e-08 1.395e-08 8.81667e-14 -0.000163156 1000 10000 
1.4025e-08 1.4025e-08 7.57295e-14 -0.000167702 1000 10000 
1.41e-08 1.41e-08 6.31504e-14 -0.000166978 1000 10000 
1.4175e-08 1.4175e-08 5.0816e-14 -0.000161207 1000 10000 
1.425e-08 1.425e-08 3.90961e-14 -0.000150637 1000 10000 
1.4325e-08 1.4325e-08 2.83373e-14 -0.000135648 1000 10000 
1.44e-08 1.44e-08 1.8851e-14 -0.000116798 1000 10000 
1.4475e-08 1.4475e-08 1.09e-14 -9.48282e-05 1000 10000 
1.455e-08 1.455e-08 4.68546e-15 -7.06367e-05 1000 10000 
1.4625e-08 1.4625e-08 3.36265e-16 -4.52437e-05 1000 10000 
1.47e-08 1.47e-08 -2.09822e-15 -1.97424e-05 1000 10000 
1.4775e-08 1.4775e-08 -2.64769e-15 5.06806e-06 1000 10000 
1.485e-08 1.485e-08 -1.09768e-15 3.79714e-05 1000 10000 
1.4925e-08 1.4925e-08 3.28998e-15 8.00199e-05 1000 10000 
1.5e-08 1.5e-08 1.10096e-14 0.00012601 1000 10000 
1.5075e-08 1.5075e-08 2.21475e-14 0.000170334 1000 10000 
1.515e-08 1.515e-08 3.63691e-14 0.00020745 1000 10000 
1.5225e-08 1.5225e-08 5.29418e-14 0.000232345 1000 10000 
1.53e-08 1.53e-08 7.079e-14 0.000240946 1000 10000 
1.5375e-08 1.5375e-08 8.85786e-14 0.000230448 1000 10000 
1.545e-08 1.545e-08 1.04818e-13 0.000199557 1000 10000 
1.5525e-08 1.5525e-08 1.17982e-13 0.000148611 1000 10000 
1.56e-08 1.56e-08 1.26631e-13 7.95845e-05 1000 10000 
1.5675e-08 1.5675e-08 1.29534e-13 -3.97596e-06 1000 10000 
1.575e-08 1.575e-08 1.26519e-13 -7.1144e-05 1000 10000 
1.5825e-08 1.5825e-08 1.19557e-13 -0.000111666 1000 10000 
1.59e-08 1.59e-08 1.10156e-13 -0.000137377 1000 10000 
1.5975e-08 1.5975e-08 9.91919e-14 -0.00015388 1000 10000 
1.605e-08 1.605e-08 8.72499e-14 -0.000163684 1000 10000 
1.6125e-08 1.6125e-08 7.47883e-14 -0.000167826 1000 10000 
1.62e-08 1.62e-08 6.22145e-14 -0.000166717 1000 10000 
1.6275e-08 1.6275e-08 4.99136e-14 -0.000160578 1000 10000 
1.635e-08 1.635e-08 3.82539e-14 -0.000149662 1000 10000 
1.6425e-08 1.6425e-08 2.758e-14 -0.000134363 1000 10000 
1.65e-08 1.65e-08 1.82001e-14 -0.000115253 1000 10000 
1.6575e-08 1.6575e-08 1.03729e-14 -9.30844e-05 1000 10000 
1.665e-08 1.665e-08 4.29425e-15 -6.87666e-05 1000 10000 
1.6725e-08 1.6725e-08 8.75052e-17 -4.33273e-05 1000 10000 
1.68e-08 1.68e-08 -2.20416e-15 -1.78627e-05 1000 10000 
1.6875e-08 1.6875e-08 -2.61315e-15 7.10954e-06 1000 10000 
1.695e-08 1.695e-08 -8.76448e-16 4.08596e-05 1000 10000 
1.7025e-08 1.7025e-08 3.74811e-15 8.33904e-05 1000 10000 
1.71e-08 1.71e-08 1.17256e-14 0.000129452 1000 10000 
1.7175e-08 1.7175e-08 2.31107e-14 0.000173424 1000 10000 
1.725e-08 1.725e-08 3.75381e-14 0.000209791 1000 10000 
1.7325e-08 1.7325e-08 5.42471e-14 0.000233595 1000 10000 
1.74e-08 1.74e-08 7.21396e-14 0.000240848 1000 10000 
1.7475e-08 1.7475e-08 8.98652e-14 0.00022885 1000 10000 
1.755e-08 1.755e-08 1.05927e-13 0.000196428 1000 10000 
1.7625e-08 1.7625e-08 1.18801e-13 0.000144042 1000 10000 
1.77e-08 1.77e-08 1.27061e-13 7.37874e-05 1000 10000 
1.7775e-08 1.7775e-08 1.29497e-13 -1.03338e-05 1000 10000 
1.785e-08 1.785e-08 1.26113e-13 -7.48876e-05 1000 10000 
1.7925e-08 1.7925e-08 1.18927e-13 -0.000114001 1000 10000 
1.8e-08 1.8e-08 1.09384e-13 -0.000138884 1000 10000 
1.8075e-08 1.8075e-08 9.83287e-14 -0.000154826 1000 10000 
1.815e-08 1.815e-08 8.63329e-14 -0.000164183 1000 10000 
1.8225e-08 1.8225e-08 7.38491e-14 -0.000167923 1000 10000 
1.83e-08 1.83e-08 6.12824e-14 -0.000166431 1000 10000 
1.8375e-08 1.8375e-08 4.90169e-14 -0.000159925 1000 10000 
1.845e-08 1.845e-08 3.74192e-14 -0.000148666 1000 10000 
1.8525e-08 1.8525e-08 2.68318e-14 -0.00013306 1000 10000 
1.86e-08 1.86e-08 1.75596e-14 -0.000113693 1000 10000 
1.8675e-08 1.8675e-08 9.85704e-15 -9.13303e-05 1000 10000 
1.875e-08 1.875e-08 3.91496e-15 -6.68919e-05 1000 10000 
1.8825e-08 1.8825e-08 -1.49213e-16 -4.14122e-05 1000 10000 
1.89e-08 1.89e-08 -2.29839e-15 -1.59904e-05 1000 10000 
1.8975e-08 1.8975e-08 -2.56653e-15 9.22496e-06 1000 10000 
1.905e-08 1.905e-08 -6.3849e-16 4.37967e-05 1000 10000 
1.9125e-08 1.9125e-08 4.22552e-15 8.67799e-05 1000 10000 
1.92e-08 1.92e-08 1.2461e-14 0.000132881 1000 10000 
1.9275e-08 1.9275e-08 2.40913e-14 0.000176471 1000 10000 
1.935e-08 1.935e-08 3.87201e-14 0.00021206 1000 10000 
1.9425e-08 1.9425e-08 5.55592e-14 0.000234751 1000 10000 
1.95e-08 1.95e-08 7.34884e-14 0.00024064 1000 10000 
1.9575e-08 1.9575e-08 9.11423e-14 0.000227137 1000 10000 
1.965e-08 1.965e-08 1.07018e-13 0.000193186 1000 10000 
1.9725e-08 1.9725e-08 1.19595e-13 0.000139373 1000 10000 
1.98e-08 1.98e-08 1.27457e-13 6.79097e-05 1000 10000 
1.9875e-08 1.9875e-08 1.29426e-13 -1.64538e-05 1000 10000 
1.995e-08 1.995e-08 1.25685e-13 -7.85048e-05 1000 10000 
2.0025e-08 2.0025e-08 1.18283e-13 -0.000116264 1000 10000 
2.01e-08 2.01e-08 1.08602e-13 -0.000140344 1000 10000 
2.0175e-08 2.0175e-08 9.74591e-14 -0.000155736 1000 10000 
2.025e-08 2.025e-08 8.5412e-14 -0.00016465 1000 10000 
2.0325e-08 2.0325e-08 7.29083e-14 -0.00016799 1000 10000 
2.04e-08 2.04e-08 6.0351e-14 -0.000166116 1000 10000 
2.0475e-08 2.0475e-08 4.81229e-14 -0.000159244 1000 10000 
2.055e-08 2.055e-08 3.65893e-14 -0.000147644 1000 10000 
2.0625e-08 2.0625e-08 2.60901e-14 -0.000131734 1000 10000 
2.07e-08 2.07e-08 1.69272e-14 -0.000112115 1000 10000 
2.0775e-08 2.0775e-08 9.35036e-15 -8.95636e-05 1000 10000 
2.085e-08 2.085e-08 3.54551e-15 -6.50106e-05 1000 10000 
2.0925e-08 2.0925e-08 -3.75822e-16 -3.94967e-05 1000 10000 
2.1e-08 2.1e-08 -2.38271e-15 -1.4124e-05 1000 10000 
2.1075e-08 2.1075e-08 -2.50824e-15 1.14094e-05 1000 10000 
2.115e-08 2.115e-08 -3.84578e-16 4.6778e-05 1000 10000 
2.1225e-08 2.1225e-08 4.72114e-15 9.01847e-05 1000 10000 
2.13e-08 2.13e-08 1.32147e-14 0.000136294 1000 10000 
2.1375e-08 2.1375e-08 2.50878e-14 0.000179472 1000 10000 
2.145e-08 2.145e-08 3.99135e-14 0.000214257 1000 10000 
2.1525e-08 2.1525e-08 5.68765e-14 0.000235813 1000 10000 
2.16e-08 2.16e-08 7.48347e-14 0.000240325 1000 10000 
2.1675e-08 2.1675e-08 9.24088e-14 0.00022531 1000 10000 
2.175e-08 2.175e-08 1.0809e-13 0.000189835 1000 10000 
2.1825e-08 2.1825e-08 1.20362e-13 0.000134606 1000 10000 
2.19e-08 2.19e-08 1.2782e-13 6.19563e-05 1000 10000 
2.1975e-08 2.1975e-08 1.2932e-13 -2.23308e-05 1000 10000 
2.205e-08 2.205e-08 1.25236e-13 -8.19927e-05 1000 10000 
2.2125e-08 2.2125e-08 1.17626e-13 -0.000118453 1000 10000 
2.22e-08 2.22e-08 1.07812e-13 -0.000141757 1000 10000 
2.2275e-08 2.2275e-08 9.65835e-14 -0.00015661 1000 10000 
2.235e-08 2.235e-08 8.44876e-14 -0.000165086 1000 10000 
2.2425e-08 2.2425e-08 7.19663e-14 -0.000168027 1000 10000 
2.25e-08 2.25e-08 5.94206e-14 -0.000165772 1000 10000 
2.2575e-08 2.2575e-08 4.72321e-14 -0.000158536 1000 10000 
2.265e-08 2.265e-08 3.57644e-14 -0.000146597 1000 10000 
2.2725e-08 2.2725e-08 2.53553e-14 -0.000130387 1000 10000 
2.28e-08 2.28e-08 1.6303e-14 -0.00011052 1000 10000 
2.2875e-08 2.2875e-08 8.8531e-15 -8.77852e-05 1000 10000 
2.295e-08 2.295e-08 3.18615e-15 -6.31233e-05 1000 10000 
2.3025e-08 2.3025e-08 -5.92135e-16 -3.75815e-05 1000 10000 
2.31e-08 2.31e-08 -2.457e-15 -1.22642e-05 1000 10000 
2.3175e-08 2.3175e-08 -2.43742e-15 1.36631e-05 1000 10000 
2.325e-08 2.325e-08 -1.13884e-16 4.9803e-05 1000 10000 
2.3325e-08 2.3325e-08 5.23571e-15 9.36033e-05 1000 10000 
2.34e-08 2.34e-08 1.39871e-14 0.00013969 1000 10000 
2.3475e-08 2.3475e-08 2.61006e-14 0.000182425 1000 10000 
2.355e-08 2.355e-08 4.11187e-14 0.000216379 1000 10000 
2.3625e-08 2.3625e-08 5.8199e-14 0.000236779 1000 10000 
2.37e-08 2.37e-08 7.61785e-14 0.0002399 1000 10000 
2.3775e-08 2.3775e-08 9.36642e-14 0.000223369 1000 10000 
2.385e-08 2.385e-08 1.09143e-13 0.000186373 1000 10000 
2.3925e-08 2.3925e-08 1.21101e-13 0.000129743 1000 10000 
2.4e-08 2.4e-08 1.2815e-13 5.59272e-05 1000 10000 
2.4075e-08 2.4075e-08 1.29179e-13 -2.79497e-05 1000 10000 
2.415e-08 2.415e-08 1.24767e-13 -8.53444e-05 1000 10000 
2.4225e-08 2.4225e-08 1.16956e-13 -0.000120566 1000 10000 
2.43e-08 2.43e-08 1.07013e-13 -0.00014312 1000 10000 
2.4375e-08 2.4375e-08 9.5703e-14 -0.000157447 1000 10000 
2.445e-08 2.445e-08 8.35609e-14 -0.00016549 1000 10000 
2.4525e-08 2.4525e-08 7.10243e-14 -0.000168034 1000 10000 
2.46e-08 2.46e-08 5.84924e-14 -0.0001654 1000 10000 
2.4675e-08 2.4675e-08 4.63454e-14 -0.000157802 1000 10000 
2.475e-08 2.475e-08 3.49456e-14 -0.000145527 1000 10000 
2.4825e-08 2.4825e-08 2.46282e-14 -0.00012902 1000 10000 
2.49e-08 2.49e-08 1.56879e-14 -0.000108909 1000 10000 
2.4975e-08 2.4975e-08 8.36591e-15 -8.59961e-05 1000 10000 
