-3 -3 -115.159
-3 -2.9 -112.907
-3 -2.8 -111.135
-3 -2.7 -109.359
-3 -2.6 -107.385
-3 -2.5 -105.342
-3 -2.4 -102.782
-3 -2.3 -99.7739
-3 -2.2 -97.2563
-3 -2.1 -94.3568
-3 -2 -90.6495
-3 -1.9 -87.4496
-3 -1.8 -84.7649
-3 -1.7 -82.4653
-3 -1.6 -78.1752
-3 -1.5 -72.2699
-3 -1.4 -67.7034
-3 -1.3 -63.7485
-3 -1.2 -60.5002
-3 -1.1 -57.6739
-3 -1 -54.2579
-3 -0.9 -50.1912
-3 -0.8 -45.9302
-3 -0.7 -41.5759
-3 -0.6 -37.0614
-3 -0.5 -32.5449
-3 -0.4 -28.2673
-3 -0.3 -23.8057
-3 -0.2 -18.9543
-3 -0.1 -13.6509
-3 0 -7.73613
-3 0.1 -1.57883
-3 0.2 5.37473
-3 0.3 11.6519
-3 0.4 18.2823
-3 0.5 25.9504
-3 0.6 32.5302
-3 0.7 39.991
-3 0.8 45.6969
-3 0.9 51.3981
-3 1 56.8666
-3 1.1 60.4044
-3 1.2 67.0547
-3 1.3 78.2139
-3 1.4 78.8881
-3 1.5 73.1204
-3 1.6 69.5718
-3 1.7 74.5295
-3 1.8 76.8868
-3 1.9 76.4689
-3 2 75.6728
-3 2.1 75.5066
-3 2.2 76.6914
-3 2.3 76.6061
-3 2.4 75.6238
-3 2.5 76.3334
-3 2.6 76.3424
-3 2.7 75.6994
-3 2.8 75.9626
-3 2.9 76.3477

-2.9 -3 -115.953
-2.9 -2.9 -114.164
-2.9 -2.8 -112.558
-2.9 -2.7 -110.213
-2.9 -2.6 -108.267
-2.9 -2.5 -105.961
-2.9 -2.4 -104.415
-2.9 -2.3 -102.485
-2.9 -2.2 -99.2341
-2.9 -2.1 -95.9291
-2.9 -2 -93.4837
-2.9 -1.9 -91.5885
-2.9 -1.8 -88.1321
-2.9 -1.7 -81.7684
-2.9 -1.6 -77.2092
-2.9 -1.5 -73.941
-2.9 -1.4 -71.7354
-2.9 -1.3 -68.95
-2.9 -1.2 -64.1001
-2.9 -1.1 -58.7898
-2.9 -1 -53.5398
-2.9 -0.9 -48.7136
-2.9 -0.8 -44.6593
-2.9 -0.7 -40.6137
-2.9 -0.6 -36.7065
-2.9 -0.5 -32.7568
-2.9 -0.4 -28.819
-2.9 -0.3 -24.785
-2.9 -0.2 -20.2514
-2.9 -0.1 -15.4697
-2.9 0 -10.7194
-2.9 0.1 -5.31495
-2.9 0.2 1.19315
-2.9 0.3 8.52005
-2.9 0.4 14.5728
-2.9 0.5 23.0911
-2.9 0.6 31.2654
-2.9 0.7 38.9911
-2.9 0.8 46.6494
-2.9 0.9 53.1251
-2.9 1 59.3591
-2.9 1.1 65.7888
-2.9 1.2 70.743
-2.9 1.3 76.42
-2.9 1.4 84.4055
-2.9 1.5 82.2952
-2.9 1.6 74.1677
-2.9 1.7 73.5881
-2.9 1.8 81.217
-2.9 1.9 80.8279
-2.9 2 79.7163
-2.9 2.1 78.9498
-2.9 2.2 79.226
-2.9 2.3 79.9004
-2.9 2.4 78.9407
-2.9 2.5 78.4172
-2.9 2.6 77.7707
-2.9 2.7 77.6978
-2.9 2.8 77.2576
-2.9 2.9 77.7266

-2.8 -3 -117.383
-2.8 -2.9 -115.945
-2.8 -2.8 -113.779
-2.8 -2.7 -111.705
-2.8 -2.6 -109.549
-2.8 -2.5 -108.296
-2.8 -2.4 -105.996
-2.8 -2.3 -103.357
-2.8 -2.2 -101.301
-2.8 -2.1 -99.7379
-2.8 -2 -97.6085
-2.8 -1.9 -92.0691
-2.8 -1.8 -86.8131
-2.8 -1.7 -83.4953
-2.8 -1.6 -82.1545
-2.8 -1.5 -80.1203
-2.8 -1.4 -74.3272
-2.8 -1.3 -67.3319
-2.8 -1.2 -61.3949
-2.8 -1.1 -56.5935
-2.8 -1 -51.9313
-2.8 -0.9 -46.7517
-2.8 -0.8 -42.2447
-2.8 -0.7 -38.2094
-2.8 -0.6 -34.3435
-2.8 -0.5 -31.1974
-2.8 -0.4 -28.1544
-2.8 -0.3 -25.1797
-2.8 -0.2 -21.9635
-2.8 -0.1 -18.545
-2.8 0 -14.4361
-2.8 0.1 -9.83845
-2.8 0.2 -4.05934
-2.8 0.3 2.13533
-2.8 0.4 9.26056
-2.8 0.5 17.8413
-2.8 0.6 26.4628
-2.8 0.7 37.6259
-2.8 0.8 44.3743
-2.8 0.9 53.8076
-2.8 1 61.2961
-2.8 1.1 68.3746
-2.8 1.2 75.2475
-2.8 1.3 79.2734
-2.8 1.4 83.5374
-2.8 1.5 89.0432
-2.8 1.6 83.0999
-2.8 1.7 76.3889
-2.8 1.8 80.2882
-2.8 1.9 85.8681
-2.8 2 83.7862
-2.8 2.1 83.02
-2.8 2.2 82.2014
-2.8 2.3 82.3663
-2.8 2.4 82.231
-2.8 2.5 80.708
-2.8 2.6 79.6153
-2.8 2.7 79.1819
-2.8 2.8 78.8598
-2.8 2.9 78.8414

-2.7 -3 -119.445
-2.7 -2.9 -117.32
-2.7 -2.8 -115.145
-2.7 -2.7 -113.226
-2.7 -2.6 -111.731
-2.7 -2.5 -109.529
-2.7 -2.4 -107.158
-2.7 -2.3 -105.395
-2.7 -2.2 -104.453
-2.7 -2.1 -102.673
-2.7 -2 -96.9893
-2.7 -1.9 -92.775
-2.7 -1.8 -91.0224
-2.7 -1.7 -90.0633
-2.7 -1.6 -85.0832
-2.7 -1.5 -76.3079
-2.7 -1.4 -68.8681
-2.7 -1.3 -63.6025
-2.7 -1.2 -58.5033
-2.7 -1.1 -52.6146
-2.7 -1 -47.2561
-2.7 -0.9 -42.1982
-2.7 -0.8 -38.063
-2.7 -0.7 -33.8654
-2.7 -0.6 -30.9034
-2.7 -0.5 -28.6783
-2.7 -0.4 -26.7826
-2.7 -0.3 -25.1131
-2.7 -0.2 -23.3387
-2.7 -0.1 -21.2897
-2.7 0 -18.9407
-2.7 0.1 -15.7751
-2.7 0.2 -11.4212
-2.7 0.3 -6.06374
-2.7 0.4 0.798969
-2.7 0.5 9.75528
-2.7 0.6 20.5434
-2.7 0.7 31.2379
-2.7 0.8 41.4287
-2.7 0.9 51.1872
-2.7 1 62.5635
-2.7 1.1 70.6105
-2.7 1.2 77.0598
-2.7 1.3 82.7514
-2.7 1.4 86.9997
-2.7 1.5 89.5913
-2.7 1.6 91.6115
-2.7 1.7 83.6363
-2.7 1.8 80.7045
-2.7 1.9 92.0557
-2.7 2 88.8579
-2.7 2.1 87.0158
-2.7 2.2 85.7363
-2.7 2.3 85.049
-2.7 2.4 85.392
-2.7 2.5 83.2135
-2.7 2.6 81.5516
-2.7 2.7 80.5891
-2.7 2.8 80.8152
-2.7 2.9 80.0896

-2.6 -3 -120.999
-2.6 -2.9 -118.777
-2.6 -2.8 -116.9
-2.6 -2.7 -115.207
-2.6 -2.6 -113.22
-2.6 -2.5 -111.004
-2.6 -2.4 -109.408
-2.6 -2.3 -108.578
-2.6 -2.2 -106.34
-2.6 -2.1 -101.288
-2.6 -2 -98.6227
-2.6 -1.9 -97.4344
-2.6 -1.8 -95.8952
-2.6 -1.7 -86.8736
-2.6 -1.6 -76.9573
-2.6 -1.5 -71.1591
-2.6 -1.4 -65.4349
-2.6 -1.3 -58.8623
-2.6 -1.2 -51.8272
-2.6 -1.1 -46.4296
-2.6 -1 -40.4067
-2.6 -0.9 -35.408
-2.6 -0.8 -30.9584
-2.6 -0.7 -27.3384
-2.6 -0.6 -24.9951
-2.6 -0.5 -23.9713
-2.6 -0.4 -24.0459
-2.6 -0.3 -24.7664
-2.6 -0.2 -25.0673
-2.6 -0.1 -24.687
-2.6 0 -23.7133
-2.6 0.1 -22.1513
-2.6 0.2 -19.8817
-2.6 0.3 -16.6908
-2.6 0.4 -11.3339
-2.6 0.5 -0.920646
-2.6 0.6 10.2135
-2.6 0.7 22.3162
-2.6 0.8 34.4882
-2.6 0.9 47.0659
-2.6 1 59.3316
-2.6 1.1 71.7314
-2.6 1.2 78.8015
-2.6 1.3 84.6617
-2.6 1.4 90.677
-2.6 1.5 93.5886
-2.6 1.6 94.8915
-2.6 1.7 92.7775
-2.6 1.8 84.6846
-2.6 1.9 90.6855
-2.6 2 94.9053
-2.6 2.1 92.0129
-2.6 2.2 89.891
-2.6 2.3 88.1946
-2.6 2.4 88.4151
-2.6 2.5 86.2985
-2.6 2.6 83.69
-2.6 2.7 82.1116
-2.6 2.8 83.0494
-2.6 2.9 81.4236

-2.5 -3 -121.017
-2.5 -2.9 -119.145
-2.5 -2.8 -117.353
-2.5 -2.7 -115.551
-2.5 -2.6 -113.517
-2.5 -2.5 -111.753
-2.5 -2.4 -111.14
-2.5 -2.3 -108.765
-2.5 -2.2 -103.971
-2.5 -2.1 -100.777
-2.5 -2 -99.2279
-2.5 -1.9 -98.1741
-2.5 -1.8 -87.1643
-2.5 -1.7 -77.3844
-2.5 -1.6 -72.5625
-2.5 -1.5 -65.8265
-2.5 -1.4 -58.3176
-2.5 -1.3 -51.628
-2.5 -1.2 -44.0993
-2.5 -1.1 -37.7834
-2.5 -1 -31.1923
-2.5 -0.9 -25.5091
-2.5 -0.8 -20.7083
-2.5 -0.7 -17.4875
-2.5 -0.6 -15.9421
-2.5 -0.5 -16.3139
-2.5 -0.4 -18.3324
-2.5 -0.3 -21.5211
-2.5 -0.2 -25.6118
-2.5 -0.1 -30.0155
-2.5 0 -32.0336
-2.5 0.1 -31.0467
-2.5 0.2 -28.8914
-2.5 0.3 -28.4589
-2.5 0.4 -26.0917
-2.5 0.5 -15.8573
-2.5 0.6 -5.20051
-2.5 0.7 10.6219
-2.5 0.8 23.5957
-2.5 0.9 39.1618
-2.5 1 54.1208
-2.5 1.1 67.1894
-2.5 1.2 78.6355
-2.5 1.3 87.4915
-2.5 1.4 93.851
-2.5 1.5 98.0226
-2.5 1.6 98.1063
-2.5 1.7 98.6803
-2.5 1.8 92.4747
-2.5 1.9 90.7687
-2.5 2 102.312
-2.5 2.1 97.4819
-2.5 2.2 93.6914
-2.5 2.3 91.6009
-2.5 2.4 90.2557
-2.5 2.5 89.1627
-2.5 2.6 85.9578
-2.5 2.7 83.9957
-2.5 2.8 84.9199
-2.5 2.9 82.5148

-2.4 -3 -121.282
-2.4 -2.9 -119.715
-2.4 -2.8 -117.861
-2.4 -2.7 -116.121
-2.4 -2.6 -114.155
-2.4 -2.5 -113.623
-2.4 -2.4 -111.055
-2.4 -2.3 -106.013
-2.4 -2.2 -102.131
-2.4 -2.1 -100.588
-2.4 -2 -98.8646
-2.4 -1.9 -85.9111
-2.4 -1.8 -78.0039
-2.4 -1.7 -74.8426
-2.4 -1.6 -67.478
-2.4 -1.5 -59.0243
-2.4 -1.4 -50.66
-2.4 -1.3 -41.9536
-2.4 -1.2 -33.4974
-2.4 -1.1 -25.9895
-2.4 -1 -19.3922
-2.4 -0.9 -14.3013
-2.4 -0.8 -10.1194
-2.4 -0.7 -7.74119
-2.4 -0.6 -5.94434
-2.4 -0.5 -6.48508
-2.4 -0.4 -10.4029
-2.4 -0.3 -16.0604
-2.4 -0.2 -22.3821
-2.4 -0.1 -29.3196
-2.4 0 -35.841
-2.4 0.1 -40.8343
-2.4 0.2 -43.9836
-2.4 0.3 -44.1821
-2.4 0.4 -39.7089
-2.4 0.5 -34.9278
-2.4 0.6 -25.1006
-2.4 0.7 -7.747
-2.4 0.8 8.73176
-2.4 0.9 26.7773
-2.4 1 45.171
-2.4 1.1 60.0014
-2.4 1.2 74.9536
-2.4 1.3 86.5819
-2.4 1.4 96.8347
-2.4 1.5 100.916
-2.4 1.6 103.493
-2.4 1.7 102.399
-2.4 1.8 100.676
-2.4 1.9 94.7872
-2.4 2 104.382
-2.4 2.1 103.446
-2.4 2.2 98.8886
-2.4 2.3 95.0667
-2.4 2.4 92.7351
-2.4 2.5 91.3805
-2.4 2.6 88.5247
-2.4 2.7 85.4972
-2.4 2.8 85.1687
-2.4 2.9 83.2276

-2.3 -3 -122.004
-2.3 -2.9 -120.17
-2.3 -2.8 -118.69
-2.3 -2.7 -116.631
-2.3 -2.6 -115.578
-2.3 -2.5 -112.93
-2.3 -2.4 -108.023
-2.3 -2.3 -103.514
-2.3 -2.2 -101.754
-2.3 -2.1 -99.8201
-2.3 -2 -85.7623
-2.3 -1.9 -79.158
-2.3 -1.8 -76.5269
-2.3 -1.7 -68.3394
-2.3 -1.6 -59.9749
-2.3 -1.5 -50.2636
-2.3 -1.4 -40.358
-2.3 -1.3 -30.8394
-2.3 -1.2 -20.9498
-2.3 -1.1 -13.0726
-2.3 -1 -6.37252
-2.3 -0.9 -0.918522
-2.3 -0.8 4.30139
-2.3 -0.7 4.03276
-2.3 -0.6 2.95333
-2.3 -0.5 1.00296
-2.3 -0.4 -4.75037
-2.3 -0.3 -11.9374
-2.3 -0.2 -20.4395
-2.3 -0.1 -29.8379
-2.3 0 -38.8647
-2.3 0.1 -47.4551
-2.3 0.2 -55.4533
-2.3 0.3 -59.4108
-2.3 0.4 -59.8104
-2.3 0.5 -54.6171
-2.3 0.6 -45.6478
-2.3 0.7 -34.3029
-2.3 0.8 -8.08451
-2.3 0.9 7.28161
-2.3 1 30.131
-2.3 1.1 51.4137
-2.3 1.2 70.8121
-2.3 1.3 85.0831
-2.3 1.4 96.5566
-2.3 1.5 103.71
-2.3 1.6 107.995
-2.3 1.7 107.931
-2.3 1.8 106.575
-2.3 1.9 101.981
-2.3 2 104.903
-2.3 2.1 110.341
-2.3 2.2 105.142
-2.3 2.3 97.5401
-2.3 2.4 95.2887
-2.3 2.5 93.5876
-2.3 2.6 90.2829
-2.3 2.7 86.4775
-2.3 2.8 85.5899
-2.3 2.9 84.0808

-2.2 -3 -122.471
-2.2 -2.9 -121.477
-2.2 -2.8 -118.486
-2.2 -2.7 -117.006
-2.2 -2.6 -114.802
-2.2 -2.5 -110.163
-2.2 -2.4 -105.043
-2.2 -2.3 -102.76
-2.2 -2.2 -101.675
-2.2 -2.1 -87.2144
-2.2 -2 -81.1809
-2.2 -1.9 -79.6651
-2.2 -1.8 -71.0098
-2.2 -1.7 -61.5976
-2.2 -1.6 -50.9051
-2.2 -1.5 -39.7996
-2.2 -1.4 -28.4365
-2.2 -1.3 -16.4866
-2.2 -1.2 -6.25857
-2.2 -1.1 3.69638
-2.2 -1 11.385
-2.2 -0.9 12.7774
-2.2 -0.8 16.0559
-2.2 -0.7 16.8711
-2.2 -0.6 14.2809
-2.2 -0.5 9.91243
-2.2 -0.4 1.19743
-2.2 -0.3 -8.31233
-2.2 -0.2 -18.1358
-2.2 -0.1 -28.7037
-2.2 0 -40.0221
-2.2 0.1 -51.7483
-2.2 0.2 -63.6379
-2.2 0.3 -72.895
-2.2 0.4 -77.9587
-2.2 0.5 -77.8539
-2.2 0.6 -70.7111
-2.2 0.7 -57.8649
-2.2 0.8 -39.3326
-2.2 0.9 -8.17972
-2.2 1 7.9095
-2.2 1.1 36.3219
-2.2 1.2 62.1945
-2.2 1.3 80.9997
-2.2 1.4 97.6813
-2.2 1.5 108.157
-2.2 1.6 112.377
-2.2 1.7 113.456
-2.2 1.8 111.44
-2.2 1.9 110.045
-2.2 2 107.688
-2.2 2.1 116.026
-2.2 2.2 110.937
-2.2 2.3 99.9551
-2.2 2.4 96.604
-2.2 2.5 94.649
-2.2 2.6 92.2729
-2.2 2.7 87.7123
-2.2 2.8 86.2292
-2.2 2.9 84.8475

-2.1 -3 -123.526
-2.1 -2.9 -120.314
-2.1 -2.8 -118.386
-2.1 -2.7 -116.291
-2.1 -2.6 -112.506
-2.1 -2.5 -107.213
-2.1 -2.4 -104.687
-2.1 -2.3 -104.891
-2.1 -2.2 -90.8423
-2.1 -2.1 -84.6063
-2.1 -2 -84.1694
-2.1 -1.9 -74.7379
-2.1 -1.8 -64.0366
-2.1 -1.7 -53.5647
-2.1 -1.6 -40.7806
-2.1 -1.5 -27.9153
-2.1 -1.4 -14.5421
-2.1 -1.3 -1.20929
-2.1 -1.2 11.8668
-2.1 -1.1 17.8289
-2.1 -1 24.9152
-2.1 -0.9 30.8088
-2.1 -0.8 29.7553
-2.1 -0.7 27.4282
-2.1 -0.6 22.3846
-2.1 -0.5 15.2931
-2.1 -0.4 7.73383
-2.1 -0.3 -3.51592
-2.1 -0.2 -16.3333
-2.1 -0.1 -31.2583
-2.1 0 -43.4503
-2.1 0.1 -50.8029
-2.1 0.2 -61.8347
-2.1 0.3 -85.7799
-2.1 0.4 -90.5562
-2.1 0.5 -96.6952
-2.1 0.6 -95.9718
-2.1 0.7 -85.503
-2.1 0.8 -66.7571
-2.1 0.9 -40.9733
-2.1 1 -7.57095
-2.1 1.1 17.2936
-2.1 1.2 47.3885
-2.1 1.3 75.7858
-2.1 1.4 96.119
-2.1 1.5 107.672
-2.1 1.6 114.436
-2.1 1.7 119.055
-2.1 1.8 118.001
-2.1 1.9 116.622
-2.1 2 113.709
-2.1 2.1 118.514
-2.1 2.2 115.222
-2.1 2.3 101.647
-2.1 2.4 97.4776
-2.1 2.5 95.8926
-2.1 2.6 93.4922
-2.1 2.7 89.01
-2.1 2.8 87.0085
-2.1 2.9 85.8005

-2 -3 -122.946
-2 -2.9 -120.76
-2 -2.8 -119.276
-2 -2.7 -116.055
-2 -2.6 -110.571
-2 -2.5 -107.413
-2 -2.4 -107.597
-2 -2.3 -95.1966
-2 -2.2 -88.2054
-2 -2.1 -88.6039
-2 -2 -80.4974
-2 -1.9 -68.4775
-2 -1.8 -57.1093
-2 -1.7 -43.4445
-2 -1.6 -29.7481
-2 -1.5 -15.0912
-2 -1.4 0.130404
-2 -1.3 15.1914
-2 -1.2 23.5272
-2 -1.1 38.23
-2 -1 40.5017
-2 -0.9 41.2708
-2 -0.8 38.2396
-2 -0.7 32.1266
-2 -0.6 23.5372
-2 -0.5 14.744
-2 -0.4 9.37072
-2 -0.3 -3.51815
-2 -0.2 -13.6359
-2 -0.1 -23.5454
-2 0 -34.7406
-2 0.1 -49.0324
-2 0.2 -64.3793
-2 0.3 -80.8852
-2 0.4 -92.7912
-2 0.5 -114.616
-2 0.6 -117.353
-2 0.7 -113.592
-2 0.8 -97.4716
-2 0.9 -70.2645
-2 1 -36.7831
-2 1.1 -3.9503
-2 1.2 40.8943
-2 1.3 68.201
-2 1.4 91.5674
-2 1.5 107.939
-2 1.6 119.347
-2 1.7 125.06
-2 1.8 124.834
-2 1.9 122.773
-2 2 119.656
-2 2.1 119.461
-2 2.2 118.748
-2 2.3 104.088
-2 2.4 97.5467
-2 2.5 97.4495
-2 2.6 94.944
-2 2.7 90.3187
-2 2.8 87.4821
-2 2.9 86.7652

-1.9 -3 -123.653
-1.9 -2.9 -122.395
-1.9 -2.8 -119.619
-1.9 -2.7 -114.647
-1.9 -2.6 -110.67
-1.9 -2.5 -110.418
-1.9 -2.4 -101.494
-1.9 -2.3 -92.7429
-1.9 -2.2 -92.5146
-1.9 -2.1 -86.7857
-1.9 -2 -72.4607
-1.9 -1.9 -61.8308
-1.9 -1.8 -48.205
-1.9 -1.7 -33.5683
-1.9 -1.6 -17.368
-1.9 -1.5 -1.05649
-1.9 -1.4 14.3553
-1.9 -1.3 24.4533
-1.9 -1.2 45.0394
-1.9 -1.1 46.9259
-1.9 -1 49.3902
-1.9 -0.9 45.8987
-1.9 -0.8 39.0125
-1.9 -0.7 31.6441
-1.9 -0.6 15.7788
-1.9 -0.5 5.93668
-1.9 -0.4 -5.58104
-1.9 -0.3 -14.5017
-1.9 -0.2 -20.205
-1.9 -0.1 -21.6747
-1.9 0 -23.2816
-1.9 0.1 -31.1797
-1.9 0.2 -47.0347
-1.9 0.3 -69.3539
-1.9 0.4 -93.383
-1.9 0.5 -115.846
-1.9 0.6 -140.541
-1.9 0.7 -132.641
-1.9 0.8 -125.56
-1.9 0.9 -101.724
-1.9 1 -64.1454
-1.9 1.1 -23.1569
-1.9 1.2 13.6456
-1.9 1.3 53.273
-1.9 1.4 87.879
-1.9 1.5 107.236
-1.9 1.6 121.699
-1.9 1.7 129.803
-1.9 1.8 129.34
-1.9 1.9 126.296
-1.9 2 124.296
-1.9 2.1 120.966
-1.9 2.2 120.521
-1.9 2.3 106.938
-1.9 2.4 97.9739
-1.9 2.5 99.1563
-1.9 2.6 96.3185
-1.9 2.7 91.375
-1.9 2.8 88.0904
-1.9 2.9 87.9713

-1.8 -3 -125.739
-1.8 -2.9 -122.823
-1.8 -2.8 -119.347
-1.8 -2.7 -114.498
-1.8 -2.6 -112.955
-1.8 -2.5 -109.747
-1.8 -2.4 -98.2752
-1.8 -2.3 -95.4218
-1.8 -2.2 -94.721
-1.8 -2.1 -79.3912
-1.8 -2 -66.3764
-1.8 -1.9 -53.4391
-1.8 -1.8 -38.3977
-1.8 -1.7 -21.7621
-1.8 -1.6 -5.29813
-1.8 -1.5 11.7647
-1.8 -1.4 24.3371
-1.8 -1.3 47.2668
-1.8 -1.2 46.9847
-1.8 -1.1 53.8493
-1.8 -1 53.3531
-1.8 -0.9 46.1211
-1.8 -0.8 32.7819
-1.8 -0.7 18.0615
-1.8 -0.6 -3.55899
-1.8 -0.5 -24.7821
-1.8 -0.4 -40.9044
-1.8 -0.3 -48.6241
-1.8 -0.2 -39.1796
-1.8 -0.1 -24.0442
-1.8 0 -7.36984
-1.8 0.1 2.70527
-1.8 0.2 -2.34436
-1.8 0.3 -30.5283
-1.8 0.4 -63.9678
-1.8 0.5 -105.826
-1.8 0.6 -132.305
-1.8 0.7 -151.548
-1.8 0.8 -158.09
-1.8 0.9 -130.297
-1.8 1 -95.0886
-1.8 1.1 -50.1553
-1.8 1.2 -5.29317
-1.8 1.3 50.6262
-1.8 1.4 79.6186
-1.8 1.5 104.792
-1.8 1.6 120.957
-1.8 1.7 129.637
-1.8 1.8 131.98
-1.8 1.9 130.744
-1.8 2 128.931
-1.8 2.1 123.479
-1.8 2.2 121.245
-1.8 2.3 109.033
-1.8 2.4 98.8088
-1.8 2.5 101.021
-1.8 2.6 97.7026
-1.8 2.7 92.6342
-1.8 2.8 89.3545
-1.8 2.9 89.1809

-1.7 -3 -125.947
-1.7 -2.9 -123.377
-1.7 -2.8 -119.109
-1.7 -2.7 -115.656
-1.7 -2.6 -115.342
-1.7 -2.5 -105.425
-1.7 -2.4 -98.9613
-1.7 -2.3 -100.373
-1.7 -2.2 -88.2855
-1.7 -2.1 -72.2733
-1.7 -2 -60.062
-1.7 -1.9 -44.5506
-1.7 -1.8 -28.0702
-1.7 -1.7 -10.3066
-1.7 -1.6 7.49762
-1.7 -1.5 22.4143
-1.7 -1.4 43.7307
-1.7 -1.3 46.4156
-1.7 -1.2 57.0724
-1.7 -1.1 57.2019
-1.7 -1 50.0518
-1.7 -0.9 35.0713
-1.7 -0.8 19.9214
-1.7 -0.7 -16.0396
-1.7 -0.6 -52.927
-1.7 -0.5 -77.8771
-1.7 -0.4 -94.2884
-1.7 -0.3 -84.402
-1.7 -0.2 -60.2073
-1.7 -0.1 -26.3015
-1.7 0 9.99468
-1.7 0.1 37.2236
-1.7 0.2 56.7
-1.7 0.3 45.762
-1.7 0.4 1.05571
-1.7 0.5 -58.7639
-1.7 0.6 -119.328
-1.7 0.7 -150.63
-1.7 0.8 -157.04
-1.7 0.9 -151.618
-1.7 1 -124.76
-1.7 1.1 -77.6773
-1.7 1.2 -25.2161
-1.7 1.3 31.4552
-1.7 1.4 63.3273
-1.7 1.5 99.1883
-1.7 1.6 121.265
-1.7 1.7 132.88
-1.7 1.8 135.543
-1.7 1.9 135.461
-1.7 2 131.901
-1.7 2.1 125.858
-1.7 2.2 121.852
-1.7 2.3 110.587
-1.7 2.4 99.9251
-1.7 2.5 102.906
-1.7 2.6 99.2754
-1.7 2.7 94.2337
-1.7 2.8 90.4226
-1.7 2.9 90.2677

-1.6 -3 -126.843
-1.6 -2.9 -124.301
-1.6 -2.8 -119.77
-1.6 -2.7 -118.469
-1.6 -2.6 -114.826
-1.6 -2.5 -104.823
-1.6 -2.4 -103.074
-1.6 -2.3 -100.07
-1.6 -2.2 -79.6222
-1.6 -2.1 -67.0944
-1.6 -2 -52.6873
-1.6 -1.9 -36.6659
-1.6 -1.8 -18.2428
-1.6 -1.7 -0.0702913
-1.6 -1.6 18.0369
-1.6 -1.5 37.8299
-1.6 -1.4 46.5174
-1.6 -1.3 59.876
-1.6 -1.2 61.0691
-1.6 -1.1 56.238
-1.6 -1 38.9839
-1.6 -0.9 22.4086
-1.6 -0.8 -22.0256
-1.6 -0.7 -74.8972
-1.6 -0.6 -133.657
-1.6 -0.5 -143.116
-1.6 -0.4 -134.514
-1.6 -0.3 -102.423
-1.6 -0.2 -66.8131
-1.6 -0.1 -25.8695
-1.6 0 16.602
-1.6 0.1 45.8654
-1.6 0.2 85.1676
-1.6 0.3 105.144
-1.6 0.4 88.4739
-1.6 0.5 21.4368
-1.6 0.6 -68.8532
-1.6 0.7 -144.79
-1.6 0.8 -170.798
-1.6 0.9 -185.099
-1.6 1 -153.469
-1.6 1.1 -104.983
-1.6 1.2 -46.8811
-1.6 1.3 9.0429
-1.6 1.4 56.3892
-1.6 1.5 99.0992
-1.6 1.6 120.673
-1.6 1.7 134.217
-1.6 1.8 140.182
-1.6 1.9 139.67
-1.6 2 134.111
-1.6 2.1 128.526
-1.6 2.2 122.349
-1.6 2.3 111.86
-1.6 2.4 101.222
-1.6 2.5 104.544
-1.6 2.6 101.119
-1.6 2.7 95.7302
-1.6 2.8 91.6545
-1.6 2.9 90.8037

-1.5 -3 -126.849
-1.5 -2.9 -123.359
-1.5 -2.8 -120.11
-1.5 -2.7 -119.95
-1.5 -2.6 -112.076
-1.5 -2.5 -106.189
-1.5 -2.4 -104.849
-1.5 -2.3 -92.0032
-1.5 -2.2 -72.7146
-1.5 -2.1 -61.8006
-1.5 -2 -45.7943
-1.5 -1.9 -28.018
-1.5 -1.8 -9.35237
-1.5 -1.7 10.3094
-1.5 -1.6 28.8581
-1.5 -1.5 47.3695
-1.5 -1.4 54.108
-1.5 -1.3 63.4587
-1.5 -1.2 59.3326
-1.5 -1.1 48.0737
-1.5 -1 33.0929
-1.5 -0.9 -16.4022
-1.5 -0.8 -80.3629
-1.5 -0.7 -156.924
-1.5 -0.6 -182.576
-1.5 -0.5 -173.871
-1.5 -0.4 -140.327
-1.5 -0.3 -86.1034
-1.5 -0.2 -41.6468
-1.5 -0.1 -12.257
-1.5 0 6.48922
-1.5 0.1 31.9607
-1.5 0.2 77.2885
-1.5 0.3 128.737
-1.5 0.4 147.037
-1.5 0.5 98.9705
-1.5 0.6 3.63936
-1.5 0.7 -129.692
-1.5 0.8 -176.584
-1.5 0.9 -190.253
-1.5 1 -162.345
-1.5 1.1 -128.221
-1.5 1.2 -67.1531
-1.5 1.3 -4.06324
-1.5 1.4 54.671
-1.5 1.5 98.4821
-1.5 1.6 120.463
-1.5 1.7 136.215
-1.5 1.8 144.08
-1.5 1.9 143.609
-1.5 2 135.955
-1.5 2.1 130.662
-1.5 2.2 122.713
-1.5 2.3 112.211
-1.5 2.4 102.956
-1.5 2.5 106.678
-1.5 2.6 103.142
-1.5 2.7 96.9027
-1.5 2.8 92.7271
-1.5 2.9 91.2278

-1.4 -3 -126.406
-1.4 -2.9 -122.634
-1.4 -2.8 -121.073
-1.4 -2.7 -119.45
-1.4 -2.6 -110.062
-1.4 -2.5 -104.922
-1.4 -2.4 -103.128
-1.4 -2.3 -81.2706
-1.4 -2.2 -68.6797
-1.4 -2.1 -56.2441
-1.4 -2 -39.203
-1.4 -1.9 -20.6684
-1.4 -1.8 -1.16047
-1.4 -1.7 19.0123
-1.4 -1.6 39.9787
-1.4 -1.5 47.1163
-1.4 -1.4 68.341
-1.4 -1.3 65.0525
-1.4 -1.2 55.0386
-1.4 -1.1 35.8522
-1.4 -1 -4.58556
-1.4 -0.9 -63.9539
-1.4 -0.8 -140.79
-1.4 -0.7 -201.478
-1.4 -0.6 -211.386
-1.4 -0.5 -178.349
-1.4 -0.4 -98.6243
-1.4 -0.3 -28.9612
-1.4 -0.2 8.67124
-1.4 -0.1 14.4747
-1.4 0 -3.8079
-1.4 0.1 -12.7158
-1.4 0.2 16.2551
-1.4 0.3 85.1869
-1.4 0.4 165.861
-1.4 0.5 173.964
-1.4 0.6 94.9493
-1.4 0.7 -66.5397
-1.4 0.8 -167.883
-1.4 0.9 -197.604
-1.4 1 -192.604
-1.4 1.1 -146.865
-1.4 1.2 -83.7735
-1.4 1.3 -15.6358
-1.4 1.4 48.2904
-1.4 1.5 89.8226
-1.4 1.6 121.236
-1.4 1.7 139.426
-1.4 1.8 147.503
-1.4 1.9 145.386
-1.4 2 138.285
-1.4 2.1 132.358
-1.4 2.2 123.213
-1.4 2.3 112.804
-1.4 2.4 105.485
-1.4 2.5 109.001
-1.4 2.6 104.863
-1.4 2.7 97.7349
-1.4 2.8 93.0674
-1.4 2.9 91.78

-1.3 -3 -126.432
-1.3 -2.9 -122.88
-1.3 -2.8 -121.573
-1.3 -2.7 -116.446
-1.3 -2.6 -107.623
-1.3 -2.5 -103.288
-1.3 -2.4 -95.0931
-1.3 -2.3 -73.0188
-1.3 -2.2 -65.5739
-1.3 -2.1 -49.9258
-1.3 -2 -34.0588
-1.3 -1.9 -14.2291
-1.3 -1.8 6.13367
-1.3 -1.7 25.8204
-1.3 -1.6 46.1121
-1.3 -1.5 54.7057
-1.3 -1.4 67.083
-1.3 -1.3 62.246
-1.3 -1.2 49.262
-1.3 -1.1 21.0739
-1.3 -1 -29.9982
-1.3 -0.9 -113.811
-1.3 -0.8 -194.623
-1.3 -0.7 -235.145
-1.3 -0.6 -214.078
-1.3 -0.5 -125.514
-1.3 -0.4 -25.9813
-1.3 -0.3 58.5356
-1.3 -0.2 34.0628
-1.3 -0.1 -21.1533
-1.3 0 -0.491182
-1.3 0.1 9.45733
-1.3 0.2 -56.302
-1.3 0.3 4.52415
-1.3 0.4 118.3
-1.3 0.5 196.897
-1.3 0.6 158.114
-1.3 0.7 -0.0170952
-1.3 0.8 -139.074
-1.3 0.9 -198.218
-1.3 1 -199.404
-1.3 1.1 -165.717
-1.3 1.2 -93.8431
-1.3 1.3 -22.5276
-1.3 1.4 42.3986
-1.3 1.5 94.3884
-1.3 1.6 121.598
-1.3 1.7 141.951
-1.3 1.8 149.551
-1.3 1.9 147.42
-1.3 2 140.502
-1.3 2.1 133.105
-1.3 2.2 123.248
-1.3 2.3 113.942
-1.3 2.4 109.238
-1.3 2.5 111.108
-1.3 2.6 106.177
-1.3 2.7 98.0027
-1.3 2.8 93.4518
-1.3 2.9 92.2186

-1.2 -3 -125.594
-1.2 -2.9 -122.223
-1.2 -2.8 -120.303
-1.2 -2.7 -112.793
-1.2 -2.6 -104.594
-1.2 -2.5 -101.655
-1.2 -2.4 -84.5493
-1.2 -2.3 -69.536
-1.2 -2.2 -62.1896
-1.2 -2.1 -45.561
-1.2 -2 -28.3021
-1.2 -1.9 -8.79448
-1.2 -1.8 11.8262
-1.2 -1.7 32.1761
-1.2 -1.6 45.4293
-1.2 -1.5 68.3981
-1.2 -1.4 63.6248
-1.2 -1.3 59.2231
-1.2 -1.2 40.0568
-1.2 -1.1 -2.43116
-1.2 -1 -62.4016
-1.2 -0.9 -159.006
-1.2 -0.8 -237.435
-1.2 -0.7 -244.993
-1.2 -0.6 -194.039
-1.2 -0.5 -67.6608
-1.2 -0.4 59.6017
-1.2 -0.3 33.3618
-1.2 -0.2 -45.8355
-1.2 -0.1 -65.2739
-1.2 0 -4.78618
-1.2 0.1 75.9389
-1.2 0.2 48.7147
-1.2 0.3 -82.229
-1.2 0.4 67.4901
-1.2 0.5 202.929
-1.2 0.6 186.537
-1.2 0.7 52.3267
-1.2 0.8 -130.749
-1.2 0.9 -203.093
-1.2 1 -203.461
-1.2 1.1 -178.529
-1.2 1.2 -101.513
-1.2 1.3 -26.9112
-1.2 1.4 39.4592
-1.2 1.5 99.4035
-1.2 1.6 123.954
-1.2 1.7 145.432
-1.2 1.8 151.296
-1.2 1.9 149.1
-1.2 2 143.148
-1.2 2.1 134.178
-1.2 2.2 123.642
-1.2 2.3 115.575
-1.2 2.4 113.051
-1.2 2.5 113.022
-1.2 2.6 106.572
-1.2 2.7 97.5589
-1.2 2.8 93.6696
-1.2 2.9 91.657

-1.1 -3 -124.374
-1.1 -2.9 -121.508
-1.1 -2.8 -119.098
-1.1 -2.7 -109.681
-1.1 -2.6 -102.073
-1.1 -2.5 -100.008
-1.1 -2.4 -77.3164
-1.1 -2.3 -69.4372
-1.1 -2.2 -59.0327
-1.1 -2.1 -41.9112
-1.1 -2 -23.9813
-1.1 -1.9 -4.29071
-1.1 -1.8 16.2038
-1.1 -1.7 35.3267
-1.1 -1.6 45.3928
-1.1 -1.5 69.2071
-1.1 -1.4 62.3031
-1.1 -1.3 53.139
-1.1 -1.2 31.3796
-1.1 -1.1 -8.4765
-1.1 -1 -90.6974
-1.1 -0.9 -193.803
-1.1 -0.8 -254.698
-1.1 -0.7 -268.5
-1.1 -0.6 -163.34
-1.1 -0.5 -23.4995
-1.1 -0.4 110.097
-1.1 -0.3 -56.5096
-1.1 -0.2 -101.849
-1.1 -0.1 -14.1297
-1.1 0 -14.6392
-1.1 0.1 -59.554
-1.1 0.2 162.061
-1.1 0.3 -14.5285
-1.1 0.4 15.5632
-1.1 0.5 169.421
-1.1 0.6 219.555
-1.1 0.7 74.7342
-1.1 0.8 -122.37
-1.1 0.9 -205.79
-1.1 1 -208.009
-1.1 1.1 -181.632
-1.1 1.2 -102.614
-1.1 1.3 -25.6281
-1.1 1.4 42.8839
-1.1 1.5 109.912
-1.1 1.6 128.395
-1.1 1.7 149.008
-1.1 1.8 153.844
-1.1 1.9 150.685
-1.1 2 143.408
-1.1 2.1 134.481
-1.1 2.2 125.563
-1.1 2.3 117.806
-1.1 2.4 116.503
-1.1 2.5 114.779
-1.1 2.6 105.518
-1.1 2.7 96.3095
-1.1 2.8 93.1312
-1.1 2.9 91.2158

-1 -3 -123.549
-1 -2.9 -121.306
-1 -2.8 -116.077
-1 -2.7 -106.4
-1 -2.6 -100.309
-1 -2.5 -93.9328
-1 -2.4 -74.106
-1 -2.3 -70.0149
-1 -2.2 -56.0791
-1 -2.1 -39.364
-1 -2 -20.6334
-1 -1.9 -0.907097
-1 -1.8 18.5662
-1 -1.7 37.1912
-1 -1.6 48.974
-1 -1.5 60.2686
-1 -1.4 60.2942
-1 -1.3 50.0389
-1 -1.2 24.1882
-1 -1.1 -20.1227
-1 -1 -109.113
-1 -0.9 -205.395
-1 -0.8 -261.022
-1 -0.7 -236.985
-1 -0.6 -142.68
-1 -0.5 9.1387
-1 -0.4 101.509
-1 -0.3 -56.5817
-1 -0.2 32.2937
-1 -0.1 179.831
-1 0 -341.688
-1 0.1 -69.3022
-1 0.2 209.525
-1 0.3 28.8004
-1 0.4 -5.38568
-1 0.5 175.537
-1 0.6 225.017
-1 0.7 84.7861
-1 0.8 -135.07
-1 0.9 -215.021
-1 1 -209.73
-1 1.1 -172.041
-1 1.2 -96.3875
-1 1.3 -16.7416
-1 1.4 51.7378
-1 1.5 120.666
-1 1.6 134.357
-1 1.7 152.298
-1 1.8 156.586
-1 1.9 152.695
-1 2 143.608
-1 2.1 135.375
-1 2.2 127.383
-1 2.3 119.734
-1 2.4 119.395
-1 2.5 116.419
-1 2.6 102.246
-1 2.7 94.6904
-1 2.8 92.8654
-1 2.9 90.4304

-0.9 -3 -123.278
-0.9 -2.9 -120.586
-0.9 -2.8 -114.485
-0.9 -2.7 -104.326
-0.9 -2.6 -99.8239
-0.9 -2.5 -87.2353
-0.9 -2.4 -73.5767
-0.9 -2.3 -71.3349
-0.9 -2.2 -53.678
-0.9 -2.1 -36.9498
-0.9 -2 -16.7594
-0.9 -1.9 1.88817
-0.9 -1.8 21.7824
-0.9 -1.7 39.1243
-0.9 -1.6 55.8513
-0.9 -1.5 53.492
-0.9 -1.4 59.2434
-0.9 -1.3 42.9798
-0.9 -1.2 15.7341
-0.9 -1.1 -37.4774
-0.9 -1 -127.963
-0.9 -0.9 -226.57
-0.9 -0.8 -277.018
-0.9 -0.7 -243.33
-0.9 -0.6 -124.826
-0.9 -0.5 18.9867
-0.9 -0.4 99.2431
-0.9 -0.3 -61.325
-0.9 -0.2 47.0399
-0.9 -0.1 137.034
-0.9 0 -298.175
-0.9 0.1 1.24099
-0.9 0.2 224.951
-0.9 0.3 9.24997
-0.9 0.4 3.00023
-0.9 0.5 190.391
-0.9 0.6 178.591
-0.9 0.7 63.7481
-0.9 0.8 -147.547
-0.9 0.9 -220.861
-0.9 1 -208.748
-0.9 1.1 -153.596
-0.9 1.2 -86.4969
-0.9 1.3 -6.59975
-0.9 1.4 61.6868
-0.9 1.5 122.415
-0.9 1.6 145.006
-0.9 1.7 154.665
-0.9 1.8 158.701
-0.9 1.9 152.836
-0.9 2 144.873
-0.9 2.1 134.62
-0.9 2.2 127.704
-0.9 2.3 120.626
-0.9 2.4 120.411
-0.9 2.5 113.57
-0.9 2.6 98.1457
-0.9 2.7 93.0742
-0.9 2.8 92.0142
-0.9 2.9 88.426

-0.8 -3 -122.692
-0.8 -2.9 -118.986
-0.8 -2.8 -111.211
-0.8 -2.7 -102.797
-0.8 -2.6 -100.543
-0.8 -2.5 -83.3477
-0.8 -2.4 -74.9969
-0.8 -2.3 -70.7658
-0.8 -2.2 -50.656
-0.8 -2.1 -33.8663
-0.8 -2 -14.6166
-0.8 -1.9 4.88169
-0.8 -1.8 23.9462
-0.8 -1.7 40.6522
-0.8 -1.6 61.0557
-0.8 -1.5 51.2546
-0.8 -1.4 56.1972
-0.8 -1.3 39.6988
-0.8 -1.2 7.46584
-0.8 -1.1 -53.3294
-0.8 -1 -142.008
-0.8 -0.9 -244.023
-0.8 -0.8 -282.093
-0.8 -0.7 -264.828
-0.8 -0.6 -117.931
-0.8 -0.5 37.5589
-0.8 -0.4 88.4655
-0.8 -0.3 -69.0147
-0.8 -0.2 43.3554
-0.8 -0.1 39.986
-0.8 0 -254.663
-0.8 0.1 26.1412
-0.8 0.2 225.097
-0.8 0.3 -15.062
-0.8 0.4 19.6064
-0.8 0.5 185.33
-0.8 0.6 183.116
-0.8 0.7 22.9352
-0.8 0.8 -159.577
-0.8 0.9 -214.493
-0.8 1 -209.427
-0.8 1.1 -144.182
-0.8 1.2 -74.8678
-0.8 1.3 3.71189
-0.8 1.4 71.5243
-0.8 1.5 117.013
-0.8 1.6 152.198
-0.8 1.7 158.117
-0.8 1.8 158.595
-0.8 1.9 155.093
-0.8 2 145.569
-0.8 2.1 135.082
-0.8 2.2 128.655
-0.8 2.3 121.305
-0.8 2.4 119.222
-0.8 2.5 106.687
-0.8 2.6 95.1829
-0.8 2.7 92.0775
-0.8 2.8 90.8616
-0.8 2.9 86.7067

-0.7 -3 -122.159
-0.7 -2.9 -118.156
-0.7 -2.8 -109.74
-0.7 -2.7 -102.491
-0.7 -2.6 -100.043
-0.7 -2.5 -82.1209
-0.7 -2.4 -77.5757
-0.7 -2.3 -69.4274
-0.7 -2.2 -47.9404
-0.7 -2.1 -31.7126
-0.7 -2 -12.069
-0.7 -1.9 7.97947
-0.7 -1.8 26.0456
-0.7 -1.7 42.2983
-0.7 -1.6 59.914
-0.7 -1.5 53.3992
-0.7 -1.4 54.0132
-0.7 -1.3 36.8438
-0.7 -1.2 -0.838376
-0.7 -1.1 -67.6286
-0.7 -1 -155.685
-0.7 -0.9 -249.878
-0.7 -0.8 -281.994
-0.7 -0.7 -244.057
-0.7 -0.6 -105.55
-0.7 -0.5 54.1978
-0.7 -0.4 82.4785
-0.7 -0.3 -71.7948
-0.7 -0.2 24.6515
-0.7 -0.1 -83.6825
-0.7 0 -211.15
-0.7 0.1 7.9621
-0.7 0.2 209.661
-0.7 0.3 -37.039
-0.7 0.4 31.0901
-0.7 0.5 187.575
-0.7 0.6 193.326
-0.7 0.7 5.51704
-0.7 0.8 -167.947
-0.7 0.9 -211.761
-0.7 1 -200.636
-0.7 1.1 -143.352
-0.7 1.2 -64.1659
-0.7 1.3 14.2999
-0.7 1.4 79.4954
-0.7 1.5 112.953
-0.7 1.6 152.385
-0.7 1.7 160.037
-0.7 1.8 160.561
-0.7 1.9 154.058
-0.7 2 145.801
-0.7 2.1 135.059
-0.7 2.2 128.419
-0.7 2.3 120.123
-0.7 2.4 116.446
-0.7 2.5 101.654
-0.7 2.6 93.2006
-0.7 2.7 91.5344
-0.7 2.8 89.9196
-0.7 2.9 85.2739

-0.6 -3 -121.904
-0.6 -2.9 -117.362
-0.6 -2.8 -108.256
-0.6 -2.7 -103.533
-0.6 -2.6 -96.6615
-0.6 -2.5 -82.2
-0.6 -2.4 -80.4343
-0.6 -2.3 -65.8241
-0.6 -2.2 -46.2971
-0.6 -2.1 -28.648
-0.6 -2 -9.86158
-0.6 -1.9 11.1714
-0.6 -1.8 28.613
-0.6 -1.7 44.2478
-0.6 -1.6 55.3893
-0.6 -1.5 60.2275
-0.6 -1.4 50.7665
-0.6 -1.3 28.3711
-0.6 -1.2 -8.30598
-0.6 -1.1 -74.714
-0.6 -1 -167.625
-0.6 -0.9 -250.519
-0.6 -0.8 -273.347
-0.6 -0.7 -218.376
-0.6 -0.6 -86.0371
-0.6 -0.5 65.4254
-0.6 -0.4 65.995
-0.6 -0.3 -82.3376
-0.6 -0.2 -2.4391
-0.6 -0.1 -169.109
-0.6 0 -167.638
-0.6 0.1 -47.8403
-0.6 0.2 180.575
-0.6 0.3 -55.8527
-0.6 0.4 40.6262
-0.6 0.5 192.214
-0.6 0.6 147.596
-0.6 0.7 4.29037
-0.6 0.8 -180.408
-0.6 0.9 -216.513
-0.6 1 -195.472
-0.6 1.1 -146.247
-0.6 1.2 -53.9432
-0.6 1.3 26.1309
-0.6 1.4 86.4682
-0.6 1.5 114.383
-0.6 1.6 150.284
-0.6 1.7 164.166
-0.6 1.8 162.809
-0.6 1.9 153.874
-0.6 2 145.239
-0.6 2.1 133.877
-0.6 2.2 126.493
-0.6 2.3 118.585
-0.6 2.4 112.281
-0.6 2.5 97.5233
-0.6 2.6 91.8921
-0.6 2.7 91.2612
-0.6 2.8 88.3576
-0.6 2.9 83.8635

-0.5 -3 -121.999
-0.5 -2.9 -116.082
-0.5 -2.8 -107.846
-0.5 -2.7 -104.658
-0.5 -2.6 -94.1969
-0.5 -2.5 -83.3233
-0.5 -2.4 -82.5916
-0.5 -2.3 -62.8401
-0.5 -2.2 -43.4409
-0.5 -2.1 -25.8651
-0.5 -2 -6.54719
-0.5 -1.9 12.2317
-0.5 -1.8 30.5394
-0.5 -1.7 45.6685
-0.5 -1.6 51.5512
-0.5 -1.5 65.2018
-0.5 -1.4 46.2836
-0.5 -1.3 22.5502
-0.5 -1.2 -16.5582
-0.5 -1.1 -81.0392
-0.5 -1 -176.596
-0.5 -0.9 -260.884
-0.5 -0.8 -283.73
-0.5 -0.7 -228.255
-0.5 -0.6 -72.1954
-0.5 -0.5 79.2044
-0.5 -0.4 58.0348
-0.5 -0.3 -92.1517
-0.5 -0.2 -30.0187
-0.5 -0.1 -172.271
-0.5 0 -124.125
-0.5 0.1 -120.114
-0.5 0.2 142.047
-0.5 0.3 -75.4729
-0.5 0.4 53.0808
-0.5 0.5 187.272
-0.5 0.6 144.061
-0.5 0.7 -23.2757
-0.5 0.8 -190.403
-0.5 0.9 -221.561
-0.5 1 -186.591
-0.5 1.1 -130.754
-0.5 1.2 -44.2843
-0.5 1.3 34.3442
-0.5 1.4 93.9398
-0.5 1.5 126.331
-0.5 1.6 152.83
-0.5 1.7 165.586
-0.5 1.8 163.285
-0.5 1.9 154.491
-0.5 2 143.766
-0.5 2.1 132.762
-0.5 2.2 124.852
-0.5 2.3 115.962
-0.5 2.4 107.807
-0.5 2.5 94.3216
-0.5 2.6 91.4237
-0.5 2.7 91.0775
-0.5 2.8 87.2334
-0.5 2.9 82.6486

-0.4 -3 -121.738
-0.4 -2.9 -115.632
-0.4 -2.8 -108.076
-0.4 -2.7 -105.493
-0.4 -2.6 -93.2439
-0.4 -2.5 -84.9539
-0.4 -2.4 -82.5412
-0.4 -2.3 -57.0439
-0.4 -2.2 -40.9302
-0.4 -2.1 -22.8621
-0.4 -2 -4.22669
-0.4 -1.9 14.1364
-0.4 -1.8 31.5062
-0.4 -1.7 46.346
-0.4 -1.6 47.5029
-0.4 -1.5 64.247
-0.4 -1.4 41.601
-0.4 -1.3 16.8528
-0.4 -1.2 -24.4514
-0.4 -1.1 -91.4503
-0.4 -1 -196.323
-0.4 -0.9 -277.945
-0.4 -0.8 -286.823
-0.4 -0.7 -231.588
-0.4 -0.6 -65.428
-0.4 -0.5 93.3931
-0.4 -0.4 38.1183
-0.4 -0.3 -97.9505
-0.4 -0.2 -51.1168
-0.4 -0.1 -126.812
-0.4 0 -80.6129
-0.4 0.1 -173.49
-0.4 0.2 99.5945
-0.4 0.3 -89.3266
-0.4 0.4 55.3712
-0.4 0.5 196.438
-0.4 0.6 157.395
-0.4 0.7 -57.6015
-0.4 0.8 -197.866
-0.4 0.9 -215.782
-0.4 1 -183.073
-0.4 1.1 -113.871
-0.4 1.2 -30.6729
-0.4 1.3 43.6249
-0.4 1.4 101.05
-0.4 1.5 146.198
-0.4 1.6 157.076
-0.4 1.7 167.774
-0.4 1.8 162.901
-0.4 1.9 153.038
-0.4 2 141.474
-0.4 2.1 131.787
-0.4 2.2 121.978
-0.4 2.3 113.202
-0.4 2.4 103.29
-0.4 2.5 92.2083
-0.4 2.6 91.4335
-0.4 2.7 90.5991
-0.4 2.8 85.2272
-0.4 2.9 82.167

-0.3 -3 -121.799
-0.3 -2.9 -115.392
-0.3 -2.8 -108.44
-0.3 -2.7 -105.805
-0.3 -2.6 -93.0662
-0.3 -2.5 -87.9607
-0.3 -2.4 -79.8878
-0.3 -2.3 -52.7706
-0.3 -2.2 -38.8695
-0.3 -2.1 -20.0449
-0.3 -2 -1.65278
-0.3 -1.9 16.0125
-0.3 -1.8 33.0317
-0.3 -1.7 45.603
-0.3 -1.6 45.5898
-0.3 -1.5 55.2309
-0.3 -1.4 36.1137
-0.3 -1.3 9.07987
-0.3 -1.2 -35.7902
-0.3 -1.1 -107.355
-0.3 -1 -209.391
-0.3 -0.9 -284.17
-0.3 -0.8 -284.172
-0.3 -0.7 -201.189
-0.3 -0.6 -47.1027
-0.3 -0.5 105.312
-0.3 -0.4 31.2482
-0.3 -0.3 -106.204
-0.3 -0.2 -63.6151
-0.3 -0.1 -85.9204
-0.3 0 -37.1004
-0.3 0.1 -189.86
-0.3 0.2 58.7167
-0.3 0.3 -98.7769
-0.3 0.4 67.9273
-0.3 0.5 188.453
-0.3 0.6 114.01
-0.3 0.7 -69.5197
-0.3 0.8 -200.082
-0.3 0.9 -206.366
-0.3 1 -180.027
-0.3 1.1 -97.9662
-0.3 1.2 -19.2636
-0.3 1.3 56.3267
-0.3 1.4 110.575
-0.3 1.5 163.486
-0.3 1.6 161.354
-0.3 1.7 167.227
-0.3 1.8 161.767
-0.3 1.9 151.522
-0.3 2 139.872
-0.3 2.1 129.396
-0.3 2.2 118.212
-0.3 2.3 110.299
-0.3 2.4 98.5568
-0.3 2.5 91.3202
-0.3 2.6 91.7913
-0.3 2.7 90.0333
-0.3 2.8 84.5878
-0.3 2.9 82.0506

-0.2 -3 -121.54
-0.2 -2.9 -114.672
-0.2 -2.8 -109.906
-0.2 -2.7 -106.229
-0.2 -2.6 -93.1774
-0.2 -2.5 -86.6231
-0.2 -2.4 -73.7582
-0.2 -2.3 -47.8988
-0.2 -2.2 -36.1155
-0.2 -2.1 -17.8714
-0.2 -2 -0.0638334
-0.2 -1.9 18.0743
-0.2 -1.8 33.3913
-0.2 -1.7 45.6917
-0.2 -1.6 47.2415
-0.2 -1.5 43.4436
-0.2 -1.4 31.5488
-0.2 -1.3 1.093
-0.2 -1.2 -46.2764
-0.2 -1.1 -128.351
-0.2 -1 -223.096
-0.2 -0.9 -282.316
-0.2 -0.8 -273.963
-0.2 -0.7 -186.807
-0.2 -0.6 -26.7467
-0.2 -0.5 121.7
-0.2 -0.4 11.4285
-0.2 -0.3 -112.143
-0.2 -0.2 -66.698
-0.2 -0.1 -64.2675
-0.2 0 6.4121
-0.2 0.1 -171.363
-0.2 0.2 23.7776
-0.2 0.3 -107.387
-0.2 0.4 64.5334
-0.2 0.5 180.64
-0.2 0.6 102.205
-0.2 0.7 -74.5579
-0.2 0.8 -204.156
-0.2 0.9 -206.895
-0.2 1 -169.155
-0.2 1.1 -89.8113
-0.2 1.2 -6.1905
-0.2 1.3 64.9723
-0.2 1.4 119.452
-0.2 1.5 170.025
-0.2 1.6 164.702
-0.2 1.7 167.163
-0.2 1.8 159.709
-0.2 1.9 148.544
-0.2 2 137.179
-0.2 2.1 126.318
-0.2 2.2 115.326
-0.2 2.3 107.259
-0.2 2.4 95.2721
-0.2 2.5 92.8943
-0.2 2.6 93.4709
-0.2 2.7 89.5767
-0.2 2.8 83.6162
-0.2 2.9 82.072

-0.1 -3 -121.309
-0.1 -2.9 -114.173
-0.1 -2.8 -110.185
-0.1 -2.7 -104.057
-0.1 -2.6 -92.0893
-0.1 -2.5 -84.174
-0.1 -2.4 -66.1776
-0.1 -2.3 -45.3048
-0.1 -2.2 -33.8319
-0.1 -2.1 -15.6232
-0.1 -2 2.05977
-0.1 -1.9 20.1613
-0.1 -1.8 33.417
-0.1 -1.7 43.8727
-0.1 -1.6 52.3167
-0.1 -1.5 34.3853
-0.1 -1.4 25.0571
-0.1 -1.3 -4.80152
-0.1 -1.2 -57.9406
-0.1 -1.1 -144.764
-0.1 -1 -231.149
-0.1 -0.9 -282.716
-0.1 -0.8 -277.675
-0.1 -0.7 -191.319
-0.1 -0.6 -23.1954
-0.1 -0.5 132.253
-0.1 -0.4 7.11794
-0.1 -0.3 -116.42
-0.1 -0.2 -59.8531
-0.1 -0.1 -65.5072
-0.1 0 49.9246
-0.1 0.1 -122.995
-0.1 0.2 -2.41502
-0.1 0.3 -112.18
-0.1 0.4 77.1568
-0.1 0.5 178.821
-0.1 0.6 116.038
-0.1 0.7 -97.374
-0.1 0.8 -211.56
-0.1 0.9 -210.209
-0.1 1 -160.555
-0.1 1.1 -82.8462
-0.1 1.2 4.78368
-0.1 1.3 74.9263
-0.1 1.4 128.314
-0.1 1.5 163.761
-0.1 1.6 172.454
-0.1 1.7 166.082
-0.1 1.8 158.288
-0.1 1.9 146.556
-0.1 2 134.086
-0.1 2.1 124.21
-0.1 2.2 112.092
-0.1 2.3 105.65
-0.1 2.4 94.7692
-0.1 2.5 94.6844
-0.1 2.6 94.9805
-0.1 2.7 88.6049
-0.1 2.8 82.5456
-0.1 2.9 81.8492

0 -3 -120.1
0 -2.9 -113.32
0 -2.8 -109.844
0 -2.7 -101.236
0 -2.6 -89.3102
0 -2.5 -81.468
0 -2.4 -58.7059
0 -2.3 -43.7754
0 -2.2 -31.5333
0 -2.1 -13.9166
0 -2 4.11059
0 -1.9 19.3142
0 -1.8 34.9514
0 -1.7 44.1311
0 -1.6 54.662
0 -1.5 30.6504
0 -1.4 20.3516
0 -1.3 -12.4257
0 -1.2 -67.5414
0 -1.1 -157.032
0 -1 -236.782
0 -0.9 -296.955
0 -0.8 -278.007
0 -0.7 -179.175
0 -0.6 -7.91916
0 -0.5 135.381
0 -0.4 -9.93516
0 -0.3 -117.931
0 -0.2 -42.866
0 -0.1 -91.7024
0 0 93.4371
0 0.1 -58.4636
0 0.2 -18.2189
0 0.3 -111.389
0 0.4 71.2109
0 0.5 168.172
0 0.6 76.7699
0 0.7 -128.312
0 0.8 -214.822
0 0.9 -205.275
0 1 -147.492
0 1.1 -72.8954
0 1.2 15.3093
0 1.3 86.7467
0 1.4 134.098
0 1.5 154.793
0 1.6 176.157
0 1.7 166.752
0 1.8 157.782
0 1.9 144.915
0 2 130.826
0 2.1 122.282
0 2.2 111.471
0 2.3 104.183
0 2.4 95.592
0 2.5 96.1855
0 2.6 95.2403
0 2.7 86.9777
0 2.8 81.786
0 2.9 81.4833

0.1 -3 -119.154
0.1 -2.9 -112.513
0.1 -2.8 -109.191
0.1 -2.7 -98.4507
0.1 -2.6 -85.9077
0.1 -2.5 -78.4718
0.1 -2.4 -52.9977
0.1 -2.3 -43.783
0.1 -2.2 -28.7604
0.1 -2.1 -11.4729
0.1 -2 6.86307
0.1 -1.9 21.4332
0.1 -1.8 34.9552
0.1 -1.7 42.342
0.1 -1.6 50.1168
0.1 -1.5 31.7463
0.1 -1.4 14.6701
0.1 -1.3 -21.5656
0.1 -1.2 -77.3344
0.1 -1.1 -157.639
0.1 -1 -253.687
0.1 -0.9 -301.756
0.1 -0.8 -272.804
0.1 -0.7 -150.779
0.1 -0.6 18.4376
0.1 -0.5 146.588
0.1 -0.4 -10.9644
0.1 -0.3 -117.945
0.1 -0.2 -16.2492
0.1 -0.1 -129.554
0.1 0 136.95
0.1 0.1 -1.77213
0.1 0.2 -22.6357
0.1 0.3 -108.343
0.1 0.4 84.6122
0.1 0.5 168.969
0.1 0.6 57.1576
0.1 0.7 -134.809
0.1 0.8 -211.72
0.1 0.9 -190.675
0.1 1 -141.103
0.1 1.1 -57.5108
0.1 1.2 24.8273
0.1 1.3 93.8089
0.1 1.4 138.637
0.1 1.5 149.034
0.1 1.6 172.73
0.1 1.7 166.282
0.1 1.8 155.395
0.1 1.9 144.59
0.1 2 131.107
0.1 2.1 120.452
0.1 2.2 110.756
0.1 2.3 103.23
0.1 2.4 96.7875
0.1 2.5 97.6351
0.1 2.6 94.1197
0.1 2.7 84.8337
0.1 2.8 80.7743
0.1 2.9 81.2772

0.2 -3 -117.634
0.2 -2.9 -111.68
0.2 -2.8 -106.641
0.2 -2.7 -94.5689
0.2 -2.6 -82.7894
0.2 -2.5 -74.2033
0.2 -2.4 -49.9365
0.2 -2.3 -44.2922
0.2 -2.2 -26.5719
0.2 -2.1 -9.63654
0.2 -2 8.04353
0.2 -1.9 23.2371
0.2 -1.8 35.1691
0.2 -1.7 42.6007
0.2 -1.6 42.3203
0.2 -1.5 36.2771
0.2 -1.4 9.09637
0.2 -1.3 -28.4336
0.2 -1.2 -86.6299
0.2 -1.1 -165.103
0.2 -1 -263.385
0.2 -0.9 -298.202
0.2 -0.8 -261.337
0.2 -0.7 -138.03
0.2 -0.6 21.3636
0.2 -0.5 149.766
0.2 -0.4 -24.7332
0.2 -0.3 -118.548
0.2 -0.2 19.0084
0.2 -0.1 -155.052
0.2 0 180.462
0.2 0.1 33.7932
0.2 0.2 -15.1389
0.2 0.3 -106.118
0.2 0.4 79.6098
0.2 0.5 160.545
0.2 0.6 68.163
0.2 0.7 -134.56
0.2 0.8 -207.817
0.2 0.9 -187.54
0.2 1 -134.065
0.2 1.1 -44.443
0.2 1.2 37.1948
0.2 1.3 100.209
0.2 1.4 142.879
0.2 1.5 151.606
0.2 1.6 167.86
0.2 1.7 167.748
0.2 1.8 155.684
0.2 1.9 143.338
0.2 2 130.854
0.2 2.1 119.427
0.2 2.2 110.707
0.2 2.3 102.837
0.2 2.4 98.1111
0.2 2.5 99.0427
0.2 2.6 91.2422
0.2 2.7 82.1684
0.2 2.8 80.0809
0.2 2.9 80.2113

0.3 -3 -115.97
0.3 -2.9 -109.876
0.3 -2.8 -104.579
0.3 -2.7 -90.6054
0.3 -2.6 -79.856
0.3 -2.5 -67.4069
0.3 -2.4 -49.5403
0.3 -2.3 -44.2585
0.3 -2.2 -24.0413
0.3 -2.1 -8.00182
0.3 -2 9.38017
0.3 -1.9 25.245
0.3 -1.8 36.1578
0.3 -1.7 41.3382
0.3 -1.6 36.0993
0.3 -1.5 38.0217
0.3 -1.4 3.09678
0.3 -1.3 -35.7459
0.3 -1.2 -99.6846
0.3 -1.1 -181.437
0.3 -1 -275.507
0.3 -0.9 -295.991
0.3 -0.8 -257.663
0.3 -0.7 -133.241
0.3 -0.6 32.3294
0.3 -0.5 157.931
0.3 -0.4 -24.4694
0.3 -0.3 -112.429
0.3 -0.2 61.2701
0.3 -0.1 -154.499
0.3 0 223.975
0.3 0.1 50.3184
0.3 0.2 4.07522
0.3 0.3 -96.0129
0.3 0.4 94.398
0.3 0.5 147.744
0.3 0.6 34.9822
0.3 0.7 -156.135
0.3 0.8 -213.356
0.3 0.9 -188.62
0.3 1 -121.732
0.3 1.1 -33.0614
0.3 1.2 48.2223
0.3 1.3 110.617
0.3 1.4 146.436
0.3 1.5 164.942
0.3 1.6 169.305
0.3 1.7 168.954
0.3 1.8 155.778
0.3 1.9 141.878
0.3 2 130.299
0.3 2.1 118.771
0.3 2.2 111.292
0.3 2.3 102.6
0.3 2.4 99.5277
0.3 2.5 99.5194
0.3 2.6 86.6883
0.3 2.7 79.2342
0.3 2.8 78.8552
0.3 2.9 78.8359

0.4 -3 -113.87
0.4 -2.9 -108.385
0.4 -2.8 -100.461
0.4 -2.7 -87.3376
0.4 -2.6 -78.5292
0.4 -2.5 -61.0078
0.4 -2.4 -50.821
0.4 -2.3 -43.015
0.4 -2.2 -21.4947
0.4 -2.1 -5.77637
0.4 -2 10.3023
0.4 -1.9 25.8681
0.4 -1.8 35.6608
0.4 -1.7 41.1533
0.4 -1.6 30.3897
0.4 -1.5 32.46
0.4 -1.4 -3.72439
0.4 -1.3 -47.8367
0.4 -1.2 -111.307
0.4 -1.1 -207.635
0.4 -1 -278.757
0.4 -0.9 -302.123
0.4 -0.8 -254.096
0.4 -0.7 -115.749
0.4 -0.6 64.1951
0.4 -0.5 165.531
0.4 -0.4 -35.0755
0.4 -0.3 -105.727
0.4 -0.2 107.729
0.4 -0.1 -122.911
0.4 0 267.487
0.4 0.1 49.7446
0.4 0.2 33.8759
0.4 0.3 -82.2722
0.4 0.4 91.8733
0.4 0.5 139.767
0.4 0.6 9.11835
0.4 0.7 -182.11
0.4 0.8 -213.794
0.4 0.9 -183.907
0.4 1 -110.306
0.4 1.1 -21.9673
0.4 1.2 60.4637
0.4 1.3 117.923
0.4 1.4 154.115
0.4 1.5 183.488
0.4 1.6 172.093
0.4 1.7 168.93
0.4 1.8 155.407
0.4 1.9 141.293
0.4 2 129.105
0.4 2.1 118.049
0.4 2.2 110.555
0.4 2.3 101.587
0.4 2.4 99.3652
0.4 2.5 94.7743
0.4 2.6 82.2551
0.4 2.7 76.9182
0.4 2.8 77.8445
0.4 2.9 77.713

0.5 -3 -111.996
0.5 -2.9 -107.7
0.5 -2.8 -98.4276
0.5 -2.7 -84.3237
0.5 -2.6 -77.9738
0.5 -2.5 -59.3711
0.5 -2.4 -53.1341
0.5 -2.3 -41.1878
0.5 -2.2 -20.467
0.5 -2.1 -3.92376
0.5 -2 12.1447
0.5 -1.9 24.8833
0.5 -1.8 34.9138
0.5 -1.7 38.9689
0.5 -1.6 27.1238
0.5 -1.5 20.6257
0.5 -1.4 -10.9286
0.5 -1.3 -56.0902
0.5 -1.2 -125.39
0.5 -1.1 -225.049
0.5 -1 -280.688
0.5 -0.9 -306.074
0.5 -0.8 -245.841
0.5 -0.7 -91.0264
0.5 -0.6 68.5584
0.5 -0.5 157.261
0.5 -0.4 -36.0163
0.5 -0.3 -100.431
0.5 -0.2 154.02
0.5 -0.1 -58.1735
0.5 0 311
0.5 0.1 27.9749
0.5 0.2 71.2237
0.5 0.3 -74.6567
0.5 0.4 107.089
0.5 0.5 128.862
0.5 0.6 13.9618
0.5 0.7 -175.634
0.5 0.8 -207.236
0.5 0.9 -168.44
0.5 1 -94.7411
0.5 1.1 -6.48172
0.5 1.2 70.9263
0.5 1.3 125.678
0.5 1.4 161.121
0.5 1.5 194.63
0.5 1.6 174.685
0.5 1.7 168.561
0.5 1.8 153.928
0.5 1.9 139.297
0.5 2 127.381
0.5 2.1 115.453
0.5 2.2 108.833
0.5 2.3 99.9415
0.5 2.4 98.0226
0.5 2.5 88.8077
0.5 2.6 78.6043
0.5 2.7 75.5342
0.5 2.8 77.1623
0.5 2.9 75.8763

0.6 -3 -111.213
0.6 -2.9 -105.48
0.6 -2.8 -94.5933
0.6 -2.7 -83.2407
0.6 -2.6 -76.8961
0.6 -2.5 -59.1543
0.6 -2.4 -55.4772
0.6 -2.3 -37.5696
0.6 -2.2 -18.3605
0.6 -2.1 -1.90052
0.6 -2 13.368
0.6 -1.9 25.4794
0.6 -1.8 35.1331
0.6 -1.7 37.4365
0.6 -1.6 27.7002
0.6 -1.5 7.06787
0.6 -1.4 -19.9401
0.6 -1.3 -64.9325
0.6 -1.2 -135.934
0.6 -1.1 -234.266
0.6 -1 -292.539
0.6 -0.9 -300.062
0.6 -0.8 -232.921
0.6 -0.7 -73.5655
0.6 -0.6 74.2163
0.6 -0.5 159.96
0.6 -0.4 -43.5258
0.6 -0.3 -87.3824
0.6 -0.2 194.633
0.6 -0.1 21.5703
0.6 0 354.512
0.6 0.1 16.8686
0.6 0.2 110.184
0.6 0.3 -57.5959
0.6 0.4 106.91
0.6 0.5 122.939
0.6 0.6 -11.176
0.6 0.7 -171.146
0.6 0.8 -196.735
0.6 0.9 -157.052
0.6 1 -85.5191
0.6 1.1 7.59568
0.6 1.2 80.848
0.6 1.3 135.346
0.6 1.4 168.752
0.6 1.5 193.957
0.6 1.6 175.63
0.6 1.7 165.217
0.6 1.8 151.009
0.6 1.9 136.506
0.6 2 124.634
0.6 2.1 113.85
0.6 2.2 107.05
0.6 2.3 97.5567
0.6 2.4 95.046
0.6 2.5 83.8971
0.6 2.6 75.4957
0.6 2.7 74.7739
0.6 2.8 75.9605
0.6 2.9 74.1744

0.7 -3 -110.144
0.7 -2.9 -103.947
0.7 -2.8 -92.6003
0.7 -2.7 -82.8731
0.7 -2.6 -73.7811
0.7 -2.5 -60.0715
0.7 -2.4 -56.8654
0.7 -2.3 -34.1873
0.7 -2.2 -16.3755
0.7 -2.1 -0.630343
0.7 -2 14.5318
0.7 -1.9 26.2925
0.7 -1.8 33.4709
0.7 -1.7 34.8095
0.7 -1.6 30.4174
0.7 -1.5 -1.96633
0.7 -1.4 -26.9046
0.7 -1.3 -77.0307
0.7 -1.2 -146.296
0.7 -1.1 -223.675
0.7 -1 -297.89
0.7 -0.9 -294.215
0.7 -0.8 -221.788
0.7 -0.7 -65.8598
0.7 -0.6 110.971
0.7 -0.5 153.643
0.7 -0.4 -47.6528
0.7 -0.3 -74.7983
0.7 -0.2 224.042
0.7 -0.1 80.9074
0.7 0 398.025
0.7 0.1 59.8961
0.7 0.2 141.124
0.7 0.3 -37.7535
0.7 0.4 120.107
0.7 0.5 115.48
0.7 0.6 -40.3973
0.7 0.7 -198.195
0.7 0.8 -200.481
0.7 0.9 -155.422
0.7 1 -74.9482
0.7 1.1 17.3698
0.7 1.2 89.0572
0.7 1.3 143.849
0.7 1.4 171.9
0.7 1.5 182.345
0.7 1.6 179.416
0.7 1.7 162.349
0.7 1.8 147.696
0.7 1.9 133.073
0.7 2 122.334
0.7 2.1 112.107
0.7 2.2 103.587
0.7 2.3 95.0761
0.7 2.4 91.199
0.7 2.5 79.4362
0.7 2.6 72.8106
0.7 2.7 74.6987
0.7 2.8 75.1839
0.7 2.9 72.8693

0.8 -3 -109.366
0.8 -2.9 -102.97
0.8 -2.8 -90.5104
0.8 -2.7 -83.2594
0.8 -2.6 -71.8252
0.8 -2.5 -61.7269
0.8 -2.4 -56.1058
0.8 -2.3 -29.4208
0.8 -2.2 -15.3548
0.8 -2.1 1.86238
0.8 -2 14.8197
0.8 -1.9 27.2765
0.8 -1.8 31.8585
0.8 -1.7 31.9151
0.8 -1.6 29.9554
0.8 -1.5 -6.94094
0.8 -1.4 -34.5923
0.8 -1.3 -84.0093
0.8 -1.2 -156.322
0.8 -1.1 -228.853
0.8 -1 -307.484
0.8 -0.9 -293.63
0.8 -0.8 -213.4
0.8 -0.7 -48.0153
0.8 -0.6 117.902
0.8 -0.5 149.14
0.8 -0.4 -51.9866
0.8 -0.3 -64.6624
0.8 -0.2 238.022
0.8 -0.1 98.6326
0.8 0 441.537
0.8 0.1 140.289
0.8 0.2 155.405
0.8 0.3 -28.3825
0.8 0.4 120.199
0.8 0.5 104.439
0.8 0.6 -44.1837
0.8 0.7 -211.339
0.8 0.8 -198.791
0.8 0.9 -150.94
0.8 1 -62.1682
0.8 1.1 25.3116
0.8 1.2 98.4841
0.8 1.3 146.237
0.8 1.4 173.765
0.8 1.5 171.534
0.8 1.6 179.028
0.8 1.7 158.761
0.8 1.8 144.724
0.8 1.9 130.029
0.8 2 119.061
0.8 2.1 108.657
0.8 2.2 99.517
0.8 2.3 92.2102
0.8 2.4 86.6871
0.8 2.5 75.5189
0.8 2.6 71.6662
0.8 2.7 74.7637
0.8 2.8 73.5446
0.8 2.9 71.4884

0.9 -3 -108.782
0.9 -2.9 -100.935
0.9 -2.8 -89.6569
0.9 -2.7 -83.9517
0.9 -2.6 -71.3588
0.9 -2.5 -64.0397
0.9 -2.4 -53.1496
0.9 -2.3 -25.5079
0.9 -2.2 -13.4247
0.9 -2.1 2.67265
0.9 -2 15.4464
0.9 -1.9 25.6691
0.9 -1.8 31.4139
0.9 -1.7 28.9
0.9 -1.6 22.9074
0.9 -1.5 -7.56031
0.9 -1.4 -41.1244
0.9 -1.3 -92.2501
0.9 -1.2 -168.897
0.9 -1.1 -250.062
0.9 -1 -305.884
0.9 -0.9 -296.487
0.9 -0.8 -201.649
0.9 -0.7 -21.3165
0.9 -0.6 117.233
0.9 -0.5 150.59
0.9 -0.4 -60.5238
0.9 -0.3 -51.074
0.9 -0.2 234.622
0.9 -0.1 69.2275
0.9 0 485.05
0.9 0.1 202.026
0.9 0.2 147.68
0.9 0.3 -10.8464
0.9 0.4 129.089
0.9 0.5 91.8303
0.9 0.6 -59.7445
0.9 0.7 -190.257
0.9 0.8 -190.557
0.9 0.9 -136.09
0.9 1 -49.3155
0.9 1.1 34.2282
0.9 1.2 107.321
0.9 1.3 150.454
0.9 1.4 173.929
0.9 1.5 165.072
0.9 1.6 172.347
0.9 1.7 156.975
0.9 1.8 142.181
0.9 1.9 127.695
0.9 2 115.439
0.9 2.1 105.257
0.9 2.2 95.7749
0.9 2.3 89.3807
0.9 2.4 81.3313
0.9 2.5 71.9407
0.9 2.6 72.0973
0.9 2.7 74.5274
0.9 2.8 72.5897
0.9 2.9 70.2977

1 -3 -108.496
1 -2.9 -99.6973
1 -2.8 -89.4597
1 -2.7 -84.6993
1 -2.6 -71.6497
1 -2.5 -65.0449
1 -2.4 -47.1392
1 -2.3 -22.845
1 -2.2 -11.7987
1 -2.1 3.29515
1 -2 16.1127
1 -1.9 24.3654
1 -1.8 29.2641
1 -1.7 25.4259
1 -1.6 12.9547
1 -1.5 -6.0305
1 -1.4 -47.8368
1 -1.3 -102.502
1 -1.2 -179.653
1 -1.1 -275.358
1 -1 -304.28
1 -0.9 -287.531
1 -0.8 -187.149
1 -0.7 -2.28372
1 -0.6 157.737
1 -0.5 134.178
1 -0.4 -61.103
1 -0.3 -39.8205
1 -0.2 214.119
1 -0.1 -9.94416
1 0 528.562
1 0.1 217.301
1 0.2 117.483
1 0.3 6.76538
1 0.4 127.698
1 0.5 83.5177
1 0.6 -87.6394
1 0.7 -189.079
1 0.8 -175.834
1 0.9 -117.341
1 1 -33.9001
1 1.1 50.8107
1 1.2 116.713
1 1.3 157.346
1 1.4 173.039
1 1.5 166.614
1 1.6 165.571
1 1.7 153.536
1 1.8 138.233
1 1.9 124.307
1 2 111.074
1 2.1 102.379
1 2.2 91.8023
1 2.3 86.5823
1 2.4 76.6195
1 2.5 69.5312
1 2.6 73.0566
1 2.7 74.0638
1 2.8 70.6321
1 2.9 69.5242

1.1 -3 -107.001
1.1 -2.9 -98.4448
1.1 -2.8 -88.8403
1.1 -2.7 -84.1562
1.1 -2.6 -71.5772
1.1 -2.5 -61.896
1.1 -2.4 -40.3675
1.1 -2.3 -21.3833
1.1 -2.2 -10.8782
1.1 -2.1 4.05804
1.1 -2 16.6991
1.1 -1.9 24.0313
1.1 -1.8 27.0978
1.1 -1.7 23.4169
1.1 -1.6 5.95703
1.1 -1.5 -6.85295
1.1 -1.4 -52.7406
1.1 -1.3 -108.928
1.1 -1.2 -185.413
1.1 -1.1 -281.735
1.1 -1 -302.419
1.1 -0.9 -277.964
1.1 -0.8 -174.755
1.1 -0.7 -3.30377
1.1 -0.6 155.956
1.1 -0.5 130.883
1.1 -0.4 -40.0745
1.1 -0.3 -54.9724
1.1 -0.2 176.629
1.1 -0.1 -68.8995
1.1 0 -5.28017
1.1 0.1 -18.3225
1.1 0.2 -89.4063
1.1 0.3 30.5626
1.1 0.4 135.401
1.1 0.5 57.8328
1.1 0.6 -107.646
1.1 0.7 -209.578
1.1 0.8 -168.37
1.1 0.9 -106.638
1.1 1 -17.2742
1.1 1.1 72.4468
1.1 1.2 125.717
1.1 1.3 159.557
1.1 1.4 174.819
1.1 1.5 179.369
1.1 1.6 163.192
1.1 1.7 151.846
1.1 1.8 134.853
1.1 1.9 121.043
1.1 2 108.594
1.1 2.1 99.3369
1.1 2.2 89.4349
1.1 2.3 83.8882
1.1 2.4 73.3567
1.1 2.5 70.5221
1.1 2.6 74.7888
1.1 2.7 73.3923
1.1 2.8 69.4091
1.1 2.9 68.8162

1.2 -3 -106.174
1.2 -2.9 -96.8472
1.2 -2.8 -89.3822
1.2 -2.7 -83.3249
1.2 -2.6 -70.7447
1.2 -2.5 -58.9022
1.2 -2.4 -35.1419
1.2 -2.3 -21.6743
1.2 -2.2 -9.92967
1.2 -2.1 4.18114
1.2 -2 15.9995
1.2 -1.9 23.319
1.2 -1.8 25.6343
1.2 -1.7 19.6026
1.2 -1.6 1.98888
1.2 -1.5 -9.36988
1.2 -1.4 -55.8021
1.2 -1.3 -109.195
1.2 -1.2 -183.824
1.2 -1.1 -272.645
1.2 -1 -297.003
1.2 -0.9 -276.211
1.2 -0.8 -182.185
1.2 -0.7 -21.0304
1.2 -0.6 118.806
1.2 -0.5 174.412
1.2 -0.4 -11.5293
1.2 -0.3 -90.798
1.2 -0.2 -19.5106
1.2 -0.1 85.0351
1.2 0 0.149645
1.2 0.1 -60.4086
1.2 0.2 -7.26083
1.2 0.3 71.1133
1.2 0.4 97.9667
1.2 0.5 8.9677
1.2 0.6 -149.898
1.2 0.7 -184.125
1.2 0.8 -149.891
1.2 0.9 -78.7751
1.2 1 9.52575
1.2 1.1 83.1828
1.2 1.2 137.174
1.2 1.3 168.806
1.2 1.4 176.184
1.2 1.5 189.656
1.2 1.6 161.522
1.2 1.7 147.733
1.2 1.8 129.994
1.2 1.9 116.467
1.2 2 105.388
1.2 2.1 95.6553
1.2 2.2 86.3508
1.2 2.3 80.579
1.2 2.4 71.4437
1.2 2.5 72.6918
1.2 2.6 75.8791
1.2 2.7 71.5359
1.2 2.8 67.7862
1.2 2.9 68.4177

1.3 -3 -105.659
1.3 -2.9 -96.806
1.3 -2.8 -89.3732
1.3 -2.7 -82.6156
1.3 -2.6 -68.9189
1.3 -2.5 -56.1429
1.3 -2.4 -31.9178
1.3 -2.3 -22.5932
1.3 -2.2 -10.3028
1.3 -2.1 2.98404
1.3 -2 14.3174
1.3 -1.9 22.136
1.3 -1.8 23.939
1.3 -1.7 17.6408
1.3 -1.6 0.851101
1.3 -1.5 -10.7987
1.3 -1.4 -54.8449
1.3 -1.3 -105.167
1.3 -1.2 -174.432
1.3 -1.1 -253.408
1.3 -1 -290.47
1.3 -0.9 -273.545
1.3 -0.8 -193.404
1.3 -0.7 -59.7556
1.3 -0.6 82.1909
1.3 -0.5 165.802
1.3 -0.4 74.8341
1.3 -0.3 -39.8025
1.3 -0.2 -61.1425
1.3 -0.1 -9.80472
1.3 0 1.10301
1.3 0.1 10.7773
1.3 0.2 56.499
1.3 0.3 80.9842
1.3 0.4 43.3847
1.3 0.5 -77.135
1.3 0.6 -169.62
1.3 0.7 -160.168
1.3 0.8 -109.801
1.3 0.9 -41.3036
1.3 1 40.0642
1.3 1.1 101.414
1.3 1.2 147.74
1.3 1.3 170.656
1.3 1.4 177.762
1.3 1.5 177.301
1.3 1.6 160.478
1.3 1.7 141.356
1.3 1.8 125.012
1.3 1.9 112.387
1.3 2 100.852
1.3 2.1 91.3853
1.3 2.2 84.8126
1.3 2.3 76.8059
1.3 2.4 70.7494
1.3 2.5 74.7473
1.3 2.6 74.8827
1.3 2.7 69.0307
1.3 2.8 66.5431
1.3 2.9 68.199

1.4 -3 -105.732
1.4 -2.9 -95.8279
1.4 -2.8 -88.8037
1.4 -2.7 -80.9563
1.4 -2.6 -66.9816
1.4 -2.5 -53.7036
1.4 -2.4 -31.0692
1.4 -2.3 -24.6905
1.4 -2.2 -11.3392
1.4 -2.1 1.64675
1.4 -2 12.6814
1.4 -1.9 20.4411
1.4 -1.8 22.0785
1.4 -1.7 15.9659
1.4 -1.6 1.55429
1.4 -1.5 -13.1646
1.4 -1.4 -53.1065
1.4 -1.3 -100.486
1.4 -1.2 -161.446
1.4 -1.1 -228.989
1.4 -1 -290.107
1.4 -0.9 -277.239
1.4 -0.8 -220.522
1.4 -0.7 -113.832
1.4 -0.6 23.2761
1.4 -0.5 121.333
1.4 -0.4 144.283
1.4 -0.3 47.5429
1.4 -0.2 -17.7573
1.4 -0.1 -17.3832
1.4 0 0.986063
1.4 0.1 26.216
1.4 0.2 36.4132
1.4 0.3 24.4013
1.4 0.4 -55.321
1.4 0.5 -141.499
1.4 0.6 -149.737
1.4 0.7 -123.296
1.4 0.8 -66.641
1.4 0.9 2.67625
1.4 1 69.545
1.4 1.1 121.823
1.4 1.2 155.328
1.4 1.3 172.526
1.4 1.4 181.921
1.4 1.5 157.671
1.4 1.6 150.202
1.4 1.7 133.016
1.4 1.8 119.055
1.4 1.9 107.169
1.4 2 96.9881
1.4 2.1 87.7673
1.4 2.2 82.5851
1.4 2.3 73.8032
1.4 2.4 72.5585
1.4 2.5 76.6861
1.4 2.6 71.5099
1.4 2.7 65.8926
1.4 2.8 65.515
1.4 2.9 67.726

1.5 -3 -104.239
1.5 -2.9 -95.1076
1.5 -2.8 -88.6921
1.5 -2.7 -80.0956
1.5 -2.6 -65.188
1.5 -2.5 -51.6654
1.5 -2.4 -31.5705
1.5 -2.3 -26.7373
1.5 -2.2 -13.2521
1.5 -2.1 -0.348165
1.5 -2 10.6651
1.5 -1.9 18.5864
1.5 -1.8 20.4474
1.5 -1.7 14.7607
1.5 -1.6 3.22279
1.5 -1.5 -10.0856
1.5 -1.4 -51.9315
1.5 -1.3 -90.6594
1.5 -1.2 -142.54
1.5 -1.1 -206.688
1.5 -1 -249.674
1.5 -0.9 -272.372
1.5 -0.8 -239.258
1.5 -0.7 -172.805
1.5 -0.6 -45.9011
1.5 -0.5 45.5355
1.5 -0.4 110.277
1.5 -0.3 113.921
1.5 -0.2 63.5899
1.5 -0.1 20.4179
1.5 0 8.64555
1.5 0.1 6.17522
1.5 0.2 -14.8835
1.5 0.3 -59.4367
1.5 0.4 -109.779
1.5 0.5 -122.318
1.5 0.6 -112.971
1.5 0.7 -81.7113
1.5 0.8 -16.8461
1.5 0.9 47.2531
1.5 1 109.888
1.5 1.1 139.82
1.5 1.2 160.759
1.5 1.3 170.958
1.5 1.4 168.005
1.5 1.5 151.169
1.5 1.6 136.814
1.5 1.7 121.856
1.5 1.8 110.337
1.5 1.9 99.4671
1.5 2 92.2565
1.5 2.1 84.425
1.5 2.2 78.4639
1.5 2.3 71.7209
1.5 2.4 75.0277
1.5 2.5 74.971
1.5 2.6 66.9872
1.5 2.7 63.0594
1.5 2.8 65.1535
1.5 2.9 66.8375

1.6 -3 -103.489
1.6 -2.9 -94.5439
1.6 -2.8 -87.8019
1.6 -2.7 -79.3828
1.6 -2.6 -63.877
1.6 -2.5 -50.6466
1.6 -2.4 -33.0273
1.6 -2.3 -28.8103
1.6 -2.2 -14.841
1.6 -2.1 -1.51804
1.6 -2 8.74024
1.6 -1.9 15.7053
1.6 -1.8 18.4424
1.6 -1.7 14.7659
1.6 -1.6 4.79719
1.6 -1.5 -9.07925
1.6 -1.4 -48.6149
1.6 -1.3 -77.7909
1.6 -1.2 -122.907
1.6 -1.1 -179.241
1.6 -1 -233.494
1.6 -0.9 -260.771
1.6 -0.8 -240.252
1.6 -0.7 -193.299
1.6 -0.6 -106.792
1.6 -0.5 -22.0596
1.6 -0.4 41.9911
1.6 -0.3 73.9838
1.6 -0.2 72.712
1.6 -0.1 44.028
1.6 0 20.8069
1.6 0.1 -14.9191
1.6 0.2 -48.6573
1.6 0.3 -74.2806
1.6 0.4 -88.5696
1.6 0.5 -84.2617
1.6 0.6 -66.9343
1.6 0.7 -17.1927
1.6 0.8 35.4382
1.6 0.9 86.5687
1.6 1 122.948
1.6 1.1 151.293
1.6 1.2 161.904
1.6 1.3 164.677
1.6 1.4 144.213
1.6 1.5 140.435
1.6 1.6 124.603
1.6 1.7 112.833
1.6 1.8 102.143
1.6 1.9 93.6165
1.6 2 85.0544
1.6 2.1 80.2091
1.6 2.2 73.3427
1.6 2.3 71.0449
1.6 2.4 74.567
1.6 2.5 67.5516
1.6 2.6 61.9362
1.6 2.7 61.6316
1.6 2.8 64.6471
1.6 2.9 66.5327

1.7 -3 -103.135
1.7 -2.9 -94.7958
1.7 -2.8 -86.9589
1.7 -2.7 -77.8223
1.7 -2.6 -62.5892
1.7 -2.5 -50.3833
1.7 -2.4 -34.8746
1.7 -2.3 -31.2882
1.7 -2.2 -17.5682
1.7 -2.1 -3.41013
1.7 -2 5.84078
1.7 -1.9 12.9489
1.7 -1.8 16.2711
1.7 -1.7 14.5394
1.7 -1.6 6.5646
1.7 -1.5 -8.81997
1.7 -1.4 -36.8264
1.7 -1.3 -60.2425
1.7 -1.2 -100.611
1.7 -1.1 -146.891
1.7 -1 -197.43
1.7 -0.9 -228.136
1.7 -0.8 -229.239
1.7 -0.7 -208.822
1.7 -0.6 -157.464
1.7 -0.5 -93.5084
1.7 -0.4 -28.7585
1.7 -0.3 15.5136
1.7 -0.2 34.4681
1.7 -0.1 26.1341
1.7 0 12.0987
1.7 0.1 -12.4378
1.7 0.2 -34.506
1.7 0.3 -46.9411
1.7 0.4 -49.0501
1.7 0.5 -32.7129
1.7 0.6 -4.71968
1.7 0.7 34.8656
1.7 0.8 80.3715
1.7 0.9 109.867
1.7 1 136.588
1.7 1.1 150.108
1.7 1.2 153.488
1.7 1.3 141.303
1.7 1.4 142.417
1.7 1.5 124.823
1.7 1.6 114.322
1.7 1.7 103.599
1.7 1.8 94.1223
1.7 1.9 86.7522
1.7 2 80.3212
1.7 2.1 75.1647
1.7 2.2 68.9871
1.7 2.3 70.9155
1.7 2.4 68.2012
1.7 2.5 61.2584
1.7 2.6 58.0813
1.7 2.7 61.2035
1.7 2.8 63.5732
1.7 2.9 64.8213

1.8 -3 -102.294
1.8 -2.9 -93.82
1.8 -2.8 -85.7765
1.8 -2.7 -77.2058
1.8 -2.6 -63.0233
1.8 -2.5 -51.3296
1.8 -2.4 -37.6643
1.8 -2.3 -33.8003
1.8 -2.2 -22.1683
1.8 -2.1 -5.17221
1.8 -2 3.04547
1.8 -1.9 10.2574
1.8 -1.8 14.0464
1.8 -1.7 12.7036
1.8 -1.6 7.15135
1.8 -1.5 -6.27347
1.8 -1.4 -23.9686
1.8 -1.3 -51.0411
1.8 -1.2 -81.627
1.8 -1.1 -119.08
1.8 -1 -161.068
1.8 -0.9 -197.818
1.8 -0.8 -225.848
1.8 -0.7 -215.058
1.8 -0.6 -180.195
1.8 -0.5 -138.98
1.8 -0.4 -87.2752
1.8 -0.3 -45.0044
1.8 -0.2 -15.3983
1.8 -0.1 -3.86491
1.8 0 -4.31224
1.8 0.1 -10.6014
1.8 0.2 -16.5462
1.8 0.3 -16.8811
1.8 0.4 -5.87411
1.8 0.5 14.5215
1.8 0.6 41.4568
1.8 0.7 75.1337
1.8 0.8 97.1687
1.8 0.9 124.92
1.8 1 140.07
1.8 1.1 143.538
1.8 1.2 137.977
1.8 1.3 142.768
1.8 1.4 123.221
1.8 1.5 113.059
1.8 1.6 103.188
1.8 1.7 94.0785
1.8 1.8 86.5497
1.8 1.9 79.6783
1.8 2 74.7526
1.8 2.1 68.2152
1.8 2.2 66.5774
1.8 2.3 67.482
1.8 2.4 60.6461
1.8 2.5 55.8823
1.8 2.6 57.2059
1.8 2.7 61.0179
1.8 2.8 62.6137
1.8 2.9 63.5905

1.9 -3 -102.539
1.9 -2.9 -93.3761
1.9 -2.8 -85.2835
1.9 -2.7 -78.0956
1.9 -2.6 -63.4912
1.9 -2.5 -52.9569
1.9 -2.4 -41.006
1.9 -2.3 -36.0252
1.9 -2.2 -27.6649
1.9 -2.1 -7.89913
1.9 -2 -0.626379
1.9 -1.9 7.81856
1.9 -1.8 11.8254
1.9 -1.7 12.2744
1.9 -1.6 8.74371
1.9 -1.5 -0.938155
1.9 -1.4 -14.772
1.9 -1.3 -43.3179
1.9 -1.2 -58.9797
1.9 -1.1 -91.3451
1.9 -1 -125.854
1.9 -0.9 -161.438
1.9 -0.8 -185.842
1.9 -0.7 -187.961
1.9 -0.6 -198.459
1.9 -0.5 -155.972
1.9 -0.4 -120.229
1.9 -0.3 -85.7236
1.9 -0.2 -55.4523
1.9 -0.1 -32.9794
1.9 0 -18.5836
1.9 0.1 -10.1641
1.9 0.2 -1.95476
1.9 0.3 10.4639
1.9 0.4 26.4748
1.9 0.5 45.4069
1.9 0.6 62.5629
1.9 0.7 91.6812
1.9 0.8 109.137
1.9 0.9 123.74
1.9 1 132.89
1.9 1.1 133.835
1.9 1.2 137.038
1.9 1.3 120.277
1.9 1.4 111.156
1.9 1.5 101.447
1.9 1.6 91.9084
1.9 1.7 84.0064
1.9 1.8 77.5056
1.9 1.9 72.1729
1.9 2 67.7581
1.9 2.1 63.3536
1.9 2.2 64.5391
1.9 2.3 59.68
1.9 2.4 54.149
1.9 2.5 53.2758
1.9 2.6 57.7503
1.9 2.7 59.884
1.9 2.8 60.8601
1.9 2.9 63.2412

2 -3 -102.689
2 -2.9 -93.2621
2 -2.8 -85.8437
2 -2.7 -78.2763
2 -2.6 -65.4777
2 -2.5 -54.8921
2 -2.4 -45.0755
2 -2.3 -38.7532
2 -2.2 -32.5242
2 -2.1 -11.0758
2 -2 -3.87898
2 -1.9 4.55049
2 -1.8 9.63735
2 -1.7 11.9454
2 -1.6 9.60706
2 -1.5 2.3075
2 -1.4 -10.9242
2 -1.3 -27.2996
2 -1.2 -45.1654
2 -1.1 -71.8563
2 -1 -97.55
2 -0.9 -125.067
2 -0.8 -150.428
2 -0.7 -166.419
2 -0.6 -166.801
2 -0.5 -160.708
2 -0.4 -121.834
2 -0.3 -102.568
2 -0.2 -76.7174
2 -0.1 -52.7555
2 0 -30.3191
2 0.1 -11.371
2 0.2 5.9636
2 0.3 23.4715
2 0.4 45.7057
2 0.5 61.2589
2 0.6 78.6738
2 0.7 94.4612
2 0.8 108.056
2 0.9 116.5
2 1 120.295
2 1.1 126.818
2 1.2 113.304
2 1.3 106.111
2 1.4 95.9042
2 1.5 87.4072
2 1.6 80.723
2 1.7 75.1451
2 1.8 69.4208
2 1.9 65.8686
2 2 60.6766
2 2.1 60.7662
2 2.2 58.0645
2 2.3 52.2789
2 2.4 49.8011
2 2.5 54.5789
2 2.6 57.5916
2 2.7 58.63
2 2.8 60.3127
2 2.9 62.4612

2.1 -3 -102.151
2.1 -2.9 -93.9528
2.1 -2.8 -86.5214
2.1 -2.7 -79.0814
2.1 -2.6 -68.0597
2.1 -2.5 -57.06
2.1 -2.4 -50.059
2.1 -2.3 -41.9291
2.1 -2.2 -37.1634
2.1 -2.1 -16.3211
2.1 -2 -5.72433
2.1 -1.9 -0.272954
2.1 -1.8 6.22575
2.1 -1.7 9.2502
2.1 -1.6 7.87953
2.1 -1.5 3.6054
2.1 -1.4 -4.99454
2.1 -1.3 -16.7092
2.1 -1.2 -36.7176
2.1 -1.1 -49.4415
2.1 -1 -75.5456
2.1 -0.9 -95.8616
2.1 -0.8 -115.416
2.1 -0.7 -131.412
2.1 -0.6 -138.2
2.1 -0.5 -134.312
2.1 -0.4 -122.291
2.1 -0.3 -109.351
2.1 -0.2 -73.6333
2.1 -0.1 -58.5172
2.1 0 -42.5676
2.1 0.1 -20.4354
2.1 0.2 4.11909
2.1 0.3 26.1851
2.1 0.4 45.8139
2.1 0.5 61.9034
2.1 0.6 76.1899
2.1 0.7 87.8955
2.1 0.8 96.4384
2.1 0.9 102.28
2.1 1 104.602
2.1 1.1 95.5805
2.1 1.2 95.1234
2.1 1.3 88.5165
2.1 1.4 82.2652
2.1 1.5 76.2885
2.1 1.6 71.3924
2.1 1.7 66.3531
2.1 1.8 62.7188
2.1 1.9 58.0728
2.1 2 56.8875
2.1 2.1 55.1761
2.1 2.2 49.6322
2.1 2.3 46.7516
2.1 2.4 51.8151
2.1 2.5 55.5535
2.1 2.6 56.3748
2.1 2.7 57.3913
2.1 2.8 59.3112
2.1 2.9 62.4217

2.2 -3 -101.841
2.2 -2.9 -94.7832
2.2 -2.8 -87.7134
2.2 -2.7 -80.3105
2.2 -2.6 -70.7699
2.2 -2.5 -59.9589
2.2 -2.4 -54.0835
2.2 -2.3 -45.3602
2.2 -2.2 -40.6186
2.2 -2.1 -22.7369
2.2 -2 -7.05326
2.2 -1.9 -4.07632
2.2 -1.8 2.833
2.2 -1.7 6.07773
2.2 -1.6 7.58383
2.2 -1.5 6.71196
2.2 -1.4 -0.318361
2.2 -1.3 -10.4821
2.2 -1.2 -22.0057
2.2 -1.1 -37.8149
2.2 -1 -51.8355
2.2 -0.9 -73.0655
2.2 -0.8 -86.7207
2.2 -0.7 -98.4575
2.2 -0.6 -107.03
2.2 -0.5 -109.745
2.2 -0.4 -104.732
2.2 -0.3 -93.4476
2.2 -0.2 -76.9435
2.2 -0.1 -56.8605
2.2 0 -36.5343
2.2 0.1 -16.6828
2.2 0.2 2.26608
2.2 0.3 20.2721
2.2 0.4 37.9625
2.2 0.5 54.2767
2.2 0.6 64.9545
2.2 0.7 73.027
2.2 0.8 79.0353
2.2 0.9 77.6227
2.2 1 79.8015
2.2 1.1 78.9488
2.2 1.2 76.1869
2.2 1.3 73.3045
2.2 1.4 70.0243
2.2 1.5 67.0365
2.2 1.6 62.0818
2.2 1.7 58.4246
2.2 1.8 54.8915
2.2 1.9 53.2413
2.2 2 51.8418
2.2 2.1 46.7855
2.2 2.2 43.9458
2.2 2.3 49.9231
2.2 2.4 54.0529
2.2 2.5 54.787
2.2 2.6 55.1701
2.2 2.7 56.8093
2.2 2.8 60.1627
2.2 2.9 63.3169

2.3 -3 -102.22
2.3 -2.9 -95.5762
2.3 -2.8 -89.333
2.3 -2.7 -82.0541
2.3 -2.6 -73.8644
2.3 -2.5 -63.3063
2.3 -2.4 -56.7762
2.3 -2.3 -49.146
2.3 -2.2 -42.8825
2.3 -2.1 -28.962
2.3 -2 -9.4337
2.3 -1.9 -7.42531
2.3 -1.8 -0.987526
2.3 -1.7 3.75558
2.3 -1.6 6.37895
2.3 -1.5 5.13606
2.3 -1.4 0.868221
2.3 -1.3 -4.50558
2.3 -1.2 -13.8558
2.3 -1.1 -25.1909
2.3 -1 -36.6121
2.3 -0.9 -50.3773
2.3 -0.8 -65.1486
2.3 -0.7 -72.1363
2.3 -0.6 -79.0139
2.3 -0.5 -81.9435
2.3 -0.4 -82.6579
2.3 -0.3 -76.2734
2.3 -0.2 -65.7404
2.3 -0.1 -51.1902
2.3 0 -34.3248
2.3 0.1 -17.6057
2.3 0.2 -0.598709
2.3 0.3 15.5256
2.3 0.4 29.7372
2.3 0.5 42.1845
2.3 0.6 49.2846
2.3 0.7 53.7518
2.3 0.8 60.3815
2.3 0.9 62.131
2.3 1 62.7487
2.3 1.1 62.8345
2.3 1.2 62.2126
2.3 1.3 60.7399
2.3 1.4 58.8649
2.3 1.5 56.464
2.3 1.6 54.5339
2.3 1.7 51.36
2.3 1.8 50.3352
2.3 1.9 48.7833
2.3 2 44.4802
2.3 2.1 42.8613
2.3 2.2 48.5991
2.3 2.3 52.8664
2.3 2.4 53.3361
2.3 2.5 53.1218
2.3 2.6 54.6145
2.3 2.7 57.9389
2.3 2.8 60.455
2.3 2.9 63.6054

2.4 -3 -102.59
2.4 -2.9 -97.0247
2.4 -2.8 -91.4492
2.4 -2.7 -83.6462
2.4 -2.6 -77.1451
2.4 -2.5 -66.447
2.4 -2.4 -58.2628
2.4 -2.3 -52.7958
2.4 -2.2 -44.6013
2.4 -2.1 -33.106
2.4 -2 -14.2546
2.4 -1.9 -8.23555
2.4 -1.8 -6.63796
2.4 -1.7 0.923783
2.4 -1.6 3.15226
2.4 -1.5 4.28601
2.4 -1.4 3.52806
2.4 -1.3 -0.831092
2.4 -1.2 -7.25692
2.4 -1.1 -15.5094
2.4 -1 -24.6618
2.4 -0.9 -34.1447
2.4 -0.8 -44.6312
2.4 -0.7 -54.5663
2.4 -0.6 -58.0122
2.4 -0.5 -59.4183
2.4 -0.4 -60.9382
2.4 -0.3 -58.5596
2.4 -0.2 -52.5124
2.4 -0.1 -42.826
2.4 0 -30.4891
2.4 0.1 -16.6609
2.4 0.2 -2.5965
2.4 0.3 10.5585
2.4 0.4 22.9585
2.4 0.5 34.3086
2.4 0.6 41.7217
2.4 0.7 45.7267
2.4 0.8 48.3597
2.4 0.9 50.6325
2.4 1 51.7018
2.4 1.1 52.1223
2.4 1.2 52.0546
2.4 1.3 51.3352
2.4 1.4 50.5727
2.4 1.5 49.6946
2.4 1.6 47.2718
2.4 1.7 47.1375
2.4 1.8 45.7762
2.4 1.9 42.3574
2.4 2 42.0263
2.4 2.1 47.6113
2.4 2.2 51.6753
2.4 2.3 51.555
2.4 2.4 51.1058
2.4 2.5 52.2485
2.4 2.6 55.1617
2.4 2.7 58.1505
2.4 2.8 61.1223
2.4 2.9 63.8345

2.5 -3 -103.403
2.5 -2.9 -98.8543
2.5 -2.8 -93.2969
2.5 -2.7 -84.2591
2.5 -2.6 -78.1443
2.5 -2.5 -69.4933
2.5 -2.4 -60.4137
2.5 -2.3 -55.0844
2.5 -2.2 -46.8671
2.5 -2.1 -36.5246
2.5 -2 -21.97
2.5 -1.9 -9.85
2.5 -1.8 -10.6835
2.5 -1.7 -4.2738
2.5 -1.6 0.725489
2.5 -1.5 3.35085
2.5 -1.4 3.60505
2.5 -1.3 1.08361
2.5 -1.2 -2.0298
2.5 -1.1 -8.45839
2.5 -1 -15.6568
2.5 -0.9 -22.599
2.5 -0.8 -30.363
2.5 -0.7 -35.9353
2.5 -0.6 -43.0998
2.5 -0.5 -45.3168
2.5 -0.4 -42.6081
2.5 -0.3 -41.1449
2.5 -0.2 -38.831
2.5 -0.1 -34.5145
2.5 0 -27.473
2.5 0.1 -17.8088
2.5 0.2 -5.97768
2.5 0.3 4.92106
2.5 0.4 14.4961
2.5 0.5 22.7896
2.5 0.6 29.9182
2.5 0.7 34.7032
2.5 0.8 38.2689
2.5 0.9 40.5679
2.5 1 42.0297
2.5 1.1 43.0615
2.5 1.2 43.7703
2.5 1.3 43.5935
2.5 1.4 43.1424
2.5 1.5 42.7152
2.5 1.6 43.1212
2.5 1.7 42.2117
2.5 1.8 40.2966
2.5 1.9 41.6225
2.5 2 46.9159
2.5 2.1 50.3244
2.5 2.2 49.3046
2.5 2.3 48.6063
2.5 2.4 49.458
2.5 2.5 52.5933
2.5 2.6 55.7222
2.5 2.7 58.7089
2.5 2.8 61.3036
2.5 2.9 65.3505

2.6 -3 -104.428
2.6 -2.9 -99.729
2.6 -2.8 -93.0529
2.6 -2.7 -85.3291
2.6 -2.6 -79.5505
2.6 -2.5 -71.4293
2.6 -2.4 -62.9867
2.6 -2.3 -56.4826
2.6 -2.2 -49.9498
2.6 -2.1 -40.151
2.6 -2 -27.5542
2.6 -1.9 -13.6495
2.6 -1.8 -11.7959
2.6 -1.7 -10.221
2.6 -1.6 -1.77721
2.6 -1.5 1.11716
2.6 -1.4 1.98495
2.6 -1.3 1.5446
2.6 -1.2 -0.327458
2.6 -1.1 -2.89577
2.6 -1 -8.39092
2.6 -0.9 -14.1224
2.6 -0.8 -18.9322
2.6 -0.7 -24.4092
2.6 -0.6 -28.0988
2.6 -0.5 -31.9447
2.6 -0.4 -33.411
2.6 -0.3 -30.8546
2.6 -0.2 -27.0135
2.6 -0.1 -22.8695
2.6 0 -18.2183
2.6 0.1 -12.754
2.6 0.2 -6.68733
2.6 0.3 0.26718
2.6 0.4 7.90133
2.6 0.5 15.1209
2.6 0.6 21.1916
2.6 0.7 25.6143
2.6 0.8 28.845
2.6 0.9 32.0144
2.6 1 33.7234
2.6 1.1 34.873
2.6 1.2 36.5813
2.6 1.3 37.0075
2.6 1.4 37.6692
2.6 1.5 38.7764
2.6 1.6 37.9759
2.6 1.7 37.5814
2.6 1.8 40.9934
2.6 1.9 46.2875
2.6 2 47.7743
2.6 2.1 46.2794
2.6 2.2 45.6773
2.6 2.3 47.0423
2.6 2.4 50.0861
2.6 2.5 53.5332
2.6 2.6 56.3911
2.6 2.7 59.2221
2.6 2.8 62.95
2.6 2.9 66.2532

2.7 -3 -104.232
2.7 -2.9 -99.2885
2.7 -2.8 -93.4443
2.7 -2.7 -86.927
2.7 -2.6 -80.9638
2.7 -2.5 -74.1422
2.7 -2.4 -65.9083
2.7 -2.3 -57.6677
2.7 -2.2 -52.6883
2.7 -2.1 -43.4292
2.7 -2 -31.9805
2.7 -1.9 -19.5858
2.7 -1.8 -12.8906
2.7 -1.7 -14.3981
2.7 -1.6 -8.05145
2.7 -1.5 -0.571478
2.7 -1.4 -0.257358
2.7 -1.3 1.06903
2.7 -1.2 0.0726292
2.7 -1.1 -1.15872
2.7 -1 -3.88643
2.7 -0.9 -7.52316
2.7 -0.8 -11.4587
2.7 -0.7 -15.1435
2.7 -0.6 -18.3961
2.7 -0.5 -21.7149
2.7 -0.4 -22.1216
2.7 -0.3 -22.0048
2.7 -0.2 -20.4332
2.7 -0.1 -17.5006
2.7 0 -13.4563
2.7 0.1 -8.91606
2.7 0.2 -4.13355
2.7 0.3 0.801113
2.7 0.4 5.66517
2.7 0.5 10.9898
2.7 0.6 16.0947
2.7 0.7 20.2366
2.7 0.8 22.9645
2.7 0.9 25.6202
2.7 1 27.9759
2.7 1.1 29.2535
2.7 1.2 30.4851
2.7 1.3 32.3607
2.7 1.4 33.1946
2.7 1.5 33.1279
2.7 1.6 34.7955
2.7 1.7 39.1538
2.7 1.8 43.0029
2.7 1.9 42.6323
2.7 2 42.1038
2.7 2.1 42.097
2.7 2.2 44.2195
2.7 2.3 47.5065
2.7 2.4 50.9381
2.7 2.5 53.4217
2.7 2.6 56.6722
2.7 2.7 59.8716
2.7 2.8 63.1262
2.7 2.9 66.7157

2.8 -3 -104.35
2.8 -2.9 -98.9537
2.8 -2.8 -94.2734
2.8 -2.7 -88.3607
2.8 -2.6 -81.1547
2.8 -2.5 -75.6048
2.8 -2.4 -68.2873
2.8 -2.3 -59.8777
2.8 -2.2 -54.257
2.8 -2.1 -47.3812
2.8 -2 -36.5455
2.8 -1.9 -24.8371
2.8 -1.8 -15.8909
2.8 -1.7 -14.8145
2.8 -1.6 -15.3794
2.8 -1.5 -5.64285
2.8 -1.4 -0.530331
2.8 -1.3 -0.861145
2.8 -1.2 0.266015
2.8 -1.1 -0.402746
2.8 -1 -1.76277
2.8 -0.9 -3.35445
2.8 -0.8 -6.32019
2.8 -0.7 -7.94353
2.8 -0.6 -11.5363
2.8 -0.5 -12.8724
2.8 -0.4 -14.4595
2.8 -0.3 -14.4681
2.8 -0.2 -13.6875
2.8 -0.1 -12.0872
2.8 0 -9.21501
2.8 0.1 -6.02636
2.8 0.2 -2.45251
2.8 0.3 1.25088
2.8 0.4 5.07722
2.8 0.5 8.87192
2.8 0.6 12.3914
2.8 0.7 15.7265
2.8 0.8 18.5704
2.8 0.9 20.9876
2.8 1 23.2476
2.8 1.1 25.3309
2.8 1.2 26.7409
2.8 1.3 27.7145
2.8 1.4 29.2321
2.8 1.5 32.582
2.8 1.6 36.0852
2.8 1.7 37.4981
2.8 1.8 37.3166
2.8 1.9 37.3643
2.8 2 38.338
2.8 2.1 41.4513
2.8 2.2 45.4339
2.8 2.3 48.3817
2.8 2.4 51.3037
2.8 2.5 54.3211
2.8 2.6 57.2481
2.8 2.7 60.4283
2.8 2.8 64.2639
2.8 2.9 68.2399

2.9 -3 -104.997
2.9 -2.9 -98.8396
2.9 -2.8 -95.184
2.9 -2.7 -88.8306
2.9 -2.6 -82.5637
2.9 -2.5 -77.4497
2.9 -2.4 -70.6496
2.9 -2.3 -62.4679
2.9 -2.2 -55.7569
2.9 -2.1 -49.7344
2.9 -2 -40.5372
2.9 -1.9 -29.3822
2.9 -1.8 -21.0292
2.9 -1.7 -16.2895
2.9 -1.6 -16.99
2.9 -1.5 -14.8217
2.9 -1.4 -4.55983
2.9 -1.3 -0.135283
2.9 -1.2 -1.34799
2.9 -1.1 -0.245431
2.9 -1 -0.453608
2.9 -0.9 -1.81479
2.9 -0.8 -2.43297
2.9 -0.7 -4.24853
2.9 -0.6 -6.11711
2.9 -0.5 -7.64638
2.9 -0.4 -8.32365
2.9 -0.3 -8.49221
2.9 -0.2 -8.83577
2.9 -0.1 -7.30067
2.9 0 -5.4321
2.9 0.1 -3.27772
2.9 0.2 -0.893627
2.9 0.3 2.02213
2.9 0.4 5.07371
2.9 0.5 8.06741
2.9 0.6 10.8803
2.9 0.7 13.5733
2.9 0.8 15.931
2.9 0.9 17.9689
2.9 1 19.9045
2.9 1.1 21.7092
2.9 1.2 23.7815
2.9 1.3 26.6151
2.9 1.4 29.4404
2.9 1.5 31.2184
2.9 1.6 31.7332
2.9 1.7 32.1696
2.9 1.8 32.8914
2.9 1.9 35.2627
2.9 2 39.1969
2.9 2.1 42.7862
2.9 2.2 46.0287
2.9 2.3 49.2474
2.9 2.4 51.7597
2.9 2.5 54.7245
2.9 2.6 57.8469
2.9 2.7 61.6713
2.9 2.8 65.554
2.9 2.9 68.8875

