-3 -3 -94.4535
-3 -2.9 -162.262
-3 -2.8 -123.614
-3 -2.7 -109.961
-3 -2.6 -99.6101
-3 -2.5 -131.088
-3 -2.4 -148.234
-3 -2.3 -147.248
-3 -2.2 -102.494
-3 -2.1 -142.513
-3 -2 -212.76
-3 -1.9 -153.016
-3 -1.8 -32.5133
-3 -1.7 -29.1707
-3 -1.6 -25.8281
-3 -1.5 -22.4856
-3 -1.4 -92.7432
-3 -1.3 -61.453
-3 -1.2 -58.9385
-3 -1.1 -56.4239
-3 -1 -53.9093
-3 -0.9 -45.3965
-3 -0.8 -47.0078
-3 -0.7 -32.7334
-3 -0.6 -31.8691
-3 -0.5 -31.4631
-3 -0.4 -30.6456
-3 -0.3 -29.8281
-3 -0.2 -19.0238
-3 -0.1 -20.1154
-3 0 11.4648
-3 0.1 -8.68524
-3 0.2 4.86351
-3 0.3 6.04706
-3 0.4 22.5461
-3 0.5 32.5571
-3 0.6 55.8901
-3 0.7 1.34635
-3 0.8 86.4392
-3 0.9 -4.57711
-3 1 136.941
-3 1.1 41.5095
-3 1.2 66.581
-3 1.3 224.329
-3 1.4 99.8882
-3 1.5 -44.487
-3 1.6 -41.0317
-3 1.7 -37.5764
-3 1.8 -34.121
-3 1.9 146.64
-3 2 282.541
-3 2.1 70.0168
-3 2.2 68.3512
-3 2.3 203.216
-3 2.4 68.328
-3 2.5 127.72
-3 2.6 79.9657
-3 2.7 190.975
-3 2.8 74.1258
-3 2.9 121.512

-2.9 -3 -163.077
-2.9 -2.9 -163.076
-2.9 -2.8 -109.124
-2.9 -2.7 -142.309
-2.9 -2.6 -130.157
-2.9 -2.5 -100.735
-2.9 -2.4 -145.094
-2.9 -2.3 -86.625
-2.9 -2.2 -121.705
-2.9 -2.1 -152.798
-2.9 -2 -161.294
-2.9 -1.9 -34.317
-2.9 -1.8 -30.9744
-2.9 -1.7 -27.6319
-2.9 -1.6 -24.2893
-2.9 -1.5 -75.3462
-2.9 -1.4 -164.576
-2.9 -1.3 -97.5771
-2.9 -1.2 -81.8592
-2.9 -1.1 -53.1219
-2.9 -1 -43.8758
-2.9 -0.9 -42.1282
-2.9 -0.8 -40.3805
-2.9 -0.7 -40.8429
-2.9 -0.6 -41.2175
-2.9 -0.5 -35.4041
-2.9 -0.4 -33.8489
-2.9 -0.3 -32.2937
-2.9 -0.2 30.2796
-2.9 -0.1 -26.7353
-2.9 0 -25.147
-2.9 0.1 -23.5587
-2.9 0.2 10.7161
-2.9 0.3 -8.56834
-2.9 0.4 -3.97476
-2.9 0.5 0.61882
-2.9 0.6 88.7509
-2.9 0.7 94.6975
-2.9 0.8 42.649
-2.9 0.9 81.4405
-2.9 1 9.36905
-2.9 1.1 142.203
-2.9 1.2 186.191
-2.9 1.3 93.6635
-2.9 1.4 371.81
-2.9 1.5 29.1847
-2.9 1.6 -42.5983
-2.9 1.7 -39.143
-2.9 1.8 -35.6877
-2.9 1.9 -32.2324
-2.9 2 313.142
-2.9 2.1 83.8901
-2.9 2.2 105.067
-2.9 2.3 192.847
-2.9 2.4 63.4127
-2.9 2.5 120.018
-2.9 2.6 28.0439
-2.9 2.7 107.46
-2.9 2.8 80.0852
-2.9 2.9 78.9718

-2.8 -3 -117.399
-2.8 -2.9 -108.287
-2.8 -2.8 -141.379
-2.8 -2.7 -129.227
-2.8 -2.6 -85.6812
-2.8 -2.5 -124.445
-2.8 -2.4 -89.4788
-2.8 -2.3 -126.473
-2.8 -2.2 -159.761
-2.8 -2.1 -119.218
-2.8 -2 -108.233
-2.8 -1.9 -32.7782
-2.8 -1.8 -29.4356
-2.8 -1.7 -26.0931
-2.8 -1.6 -22.7505
-2.8 -1.5 -230.513
-2.8 -1.4 -145.624
-2.8 -1.3 -69.9289
-2.8 -1.2 -43.6769
-2.8 -1.1 -61.061
-2.8 -1 -55.5726
-2.8 -0.9 -46.6592
-2.8 -0.8 -79.504
-2.8 -0.7 -27.92
-2.8 -0.6 -27.1123
-2.8 -0.5 -26.3046
-2.8 -0.4 -33.5659
-2.8 -0.3 -32.3039
-2.8 -0.2 -4.78486
-2.8 -0.1 -10.5412
-2.8 0 -13.3885
-2.8 0.1 -10.9512
-2.8 0.2 -13.0201
-2.8 0.3 20.9556
-2.8 0.4 12.8065
-2.8 0.5 14.2313
-2.8 0.6 4.66478
-2.8 0.7 131.051
-2.8 0.8 17.143
-2.8 0.9 38.5871
-2.8 1 76.4419
-2.8 1.1 100.415
-2.8 1.2 25.9688
-2.8 1.3 57.2196
-2.8 1.4 139.152
-2.8 1.5 431.564
-2.8 1.6 -44.165
-2.8 1.7 -40.7097
-2.8 1.8 -37.2544
-2.8 1.9 -33.799
-2.8 2 119.346
-2.8 2.1 254.843
-2.8 2.2 127.919
-2.8 2.3 182.478
-2.8 2.4 49.6286
-2.8 2.5 79.7988
-2.8 2.6 99.6201
-2.8 2.7 97.5478
-2.8 2.8 72.8415
-2.8 2.9 71.7827

-2.7 -3 -86.9275
-2.7 -2.9 -113.867
-2.7 -2.8 -106.226
-2.7 -2.7 -107.548
-2.7 -2.6 -121.982
-2.7 -2.5 -88.1394
-2.7 -2.4 -125.153
-2.7 -2.3 -159.262
-2.7 -2.2 -122.117
-2.7 -2.1 -111.888
-2.7 -2 -66.8859
-2.7 -1.9 -31.2393
-2.7 -1.8 -27.8968
-2.7 -1.7 -56.9005
-2.7 -1.6 -230.716
-2.7 -1.5 -145.711
-2.7 -1.4 -122.795
-2.7 -1.3 -100.128
-2.7 -1.2 -56.2881
-2.7 -1.1 -50.9289
-2.7 -1 -42.8427
-2.7 -0.9 -38.8559
-2.7 -0.8 -36.122
-2.7 -0.7 -40.588
-2.7 -0.6 -24.2218
-2.7 -0.5 -24.6403
-2.7 -0.4 -23.8289
-2.7 -0.3 -22.8586
-2.7 -0.2 -28.396
-2.7 -0.1 -29.7487
-2.7 0 1.25854
-2.7 0.1 -31.093
-2.7 0.2 -15.0759
-2.7 0.3 -9.17789
-2.7 0.4 30.4119
-2.7 0.5 37.06
-2.7 0.6 -26.8481
-2.7 0.7 41.6678
-2.7 0.8 171.269
-2.7 0.9 14.8147
-2.7 1 63.859
-2.7 1.1 62.8347
-2.7 1.2 104.347
-2.7 1.3 144.304
-2.7 1.4 209.917
-2.7 1.5 220.688
-2.7 1.6 215.373
-2.7 1.7 -19.1271
-2.7 1.8 -38.821
-2.7 1.9 -48.7165
-2.7 2 31.4719
-2.7 2.1 238.353
-2.7 2.2 122.021
-2.7 2.3 255.665
-2.7 2.4 45.2206
-2.7 2.5 74.6035
-2.7 2.6 71.4999
-2.7 2.7 87.6359
-2.7 2.8 117.552
-2.7 2.9 77.3558

-2.6 -3 -111.115
-2.6 -2.9 -72.507
-2.6 -2.8 -127.636
-2.6 -2.7 -117.493
-2.6 -2.6 -84.3828
-2.6 -2.5 -118.842
-2.6 -2.4 -109.947
-2.6 -2.3 -121.35
-2.6 -2.2 -69.9467
-2.6 -2.1 -65.4185
-2.6 -2 -39.1232
-2.6 -1.9 -58.5891
-2.6 -1.8 -202.758
-2.6 -1.7 -190.635
-2.6 -1.6 -88.6045
-2.6 -1.5 -108.999
-2.6 -1.4 -49.9477
-2.6 -1.3 -71.5731
-2.6 -1.2 -49.3204
-2.6 -1.1 -31.2769
-2.6 -1 -70.6746
-2.6 -0.9 -35.5903
-2.6 -0.8 -37.1114
-2.6 -0.7 -35.0388
-2.6 -0.6 -22.626
-2.6 -0.5 -25.152
-2.6 -0.4 -4.29127
-2.6 -0.3 -5.73662
-2.6 -0.2 -61.8796
-2.6 -0.1 9.56974
-2.6 0 -30.4824
-2.6 0.1 -29.0533
-2.6 0.2 -36.5617
-2.6 0.3 -25.4711
-2.6 0.4 -25.2166
-2.6 0.5 52.2624
-2.6 0.6 91.5284
-2.6 0.7 79.5634
-2.6 0.8 43.0308
-2.6 0.9 43.1257
-2.6 1 16.7368
-2.6 1.1 405.95
-2.6 1.2 81.0932
-2.6 1.3 108.278
-2.6 1.4 123.437
-2.6 1.5 92.7723
-2.6 1.6 106.306
-2.6 1.7 61.2166
-2.6 1.8 9.39507
-2.6 1.9 -6.02285
-2.6 2 48.9197
-2.6 2.1 390.727
-2.6 2.2 116.123
-2.6 2.3 114.806
-2.6 2.4 93.0773
-2.6 2.5 69.4081
-2.6 2.6 62.819
-2.6 2.7 63.7455
-2.6 2.8 107.64
-2.6 2.9 81.4175

-2.5 -3 -108.288
-2.5 -2.9 -123.147
-2.5 -2.8 -88.8163
-2.5 -2.7 -90.6653
-2.5 -2.6 -83.9817
-2.5 -2.5 -109.076
-2.5 -2.4 -100.003
-2.5 -2.3 -91.9606
-2.5 -2.2 -52.6753
-2.5 -2.1 -60.6598
-2.5 -2 -147.32
-2.5 -1.9 -198.932
-2.5 -1.8 -92.6971
-2.5 -1.7 -62.1324
-2.5 -1.6 -53.8853
-2.5 -1.5 -78.9821
-2.5 -1.4 -54.8372
-2.5 -1.3 -90.7065
-2.5 -1.2 -33.3706
-2.5 -1.1 -29.1715
-2.5 -1 -26.726
-2.5 -0.9 -23.9866
-2.5 -0.8 -26.0844
-2.5 -0.7 -25.695
-2.5 -0.6 -17.2932
-2.5 -0.5 -8.74406
-2.5 -0.4 -6.72754
-2.5 -0.3 -4.71101
-2.5 -0.2 -27.3833
-2.5 -0.1 -39.4229
-2.5 0 -51.073
-2.5 0.1 -28.257
-2.5 0.2 -28.2387
-2.5 0.3 -27.1153
-2.5 0.4 -24.8054
-2.5 0.5 -22.4955
-2.5 0.6 -17.1121
-2.5 0.7 -3.42078
-2.5 0.8 81.7676
-2.5 0.9 72.3088
-2.5 1 37.945
-2.5 1.1 167.467
-2.5 1.2 38.1049
-2.5 1.3 83.0334
-2.5 1.4 106.143
-2.5 1.5 53.5999
-2.5 1.6 35.0677
-2.5 1.7 168.631
-2.5 1.8 118.492
-2.5 1.9 -7.14372
-2.5 2 43.4636
-2.5 2.1 511.106
-2.5 2.2 110.225
-2.5 2.3 26.5442
-2.5 2.4 86.0964
-2.5 2.5 79.5293
-2.5 2.6 36.0516
-2.5 2.7 57.7758
-2.5 2.8 97.7279
-2.5 2.9 74.1737

-2.4 -3 -152.277
-2.4 -2.9 -61.0592
-2.4 -2.8 -89.7245
-2.4 -2.7 -105.859
-2.4 -2.6 -87.1752
-2.4 -2.5 -95.7162
-2.4 -2.4 -54.817
-2.4 -2.3 -62.7306
-2.4 -2.2 -152.408
-2.4 -2.1 -207.228
-2.4 -2 -86.6668
-2.4 -1.9 -65.1252
-2.4 -1.8 -57.8229
-2.4 -1.7 -95.3574
-2.4 -1.6 -49.0963
-2.4 -1.5 -64.3545
-2.4 -1.4 -41.922
-2.4 -1.3 -30.3155
-2.4 -1.2 -33.2225
-2.4 -1.1 -24.1901
-2.4 -1 -17.5176
-2.4 -0.9 -16.3436
-2.4 -0.8 -14.3079
-2.4 -0.7 -12.5779
-2.4 -0.6 -13.113
-2.4 -0.5 -13.3046
-2.4 -0.4 -10.6157
-2.4 -0.3 12.6466
-2.4 -0.2 -34.4419
-2.4 -0.1 -33.1759
-2.4 0 -55.229
-2.4 0.1 -49.9247
-2.4 0.2 -53.2719
-2.4 0.3 -56.1792
-2.4 0.4 -19.6241
-2.4 0.5 -28.5774
-2.4 0.6 -49.7568
-2.4 0.7 106.792
-2.4 0.8 -7.67666
-2.4 0.9 6.89701
-2.4 1 43.0734
-2.4 1.1 59.8604
-2.4 1.2 82.0161
-2.4 1.3 40.5659
-2.4 1.4 205.142
-2.4 1.5 132.443
-2.4 1.6 141.023
-2.4 1.7 198.251
-2.4 1.8 68.1098
-2.4 1.9 95.8912
-2.4 2 124.617
-2.4 2.1 489.018
-2.4 2.2 55.943
-2.4 2.3 23.9634
-2.4 2.4 120.434
-2.4 2.5 58.2738
-2.4 2.6 30.032
-2.4 2.7 136.278
-2.4 2.8 87.816
-2.4 2.9 117.732

-2.3 -3 -95.4789
-2.3 -2.9 -149.282
-2.3 -2.8 -187.432
-2.3 -2.7 -99.4718
-2.3 -2.6 -95.5183
-2.3 -2.5 -64.8013
-2.3 -2.4 -96.4263
-2.3 -2.3 -215.525
-2.3 -2.2 -136.628
-2.3 -2.1 -68.1179
-2.3 -2 -61.7605
-2.3 -1.9 -72.2746
-2.3 -1.8 -53.0732
-2.3 -1.7 -53.5762
-2.3 -1.6 -58.6974
-2.3 -1.5 -38.8669
-2.3 -1.4 -106.428
-2.3 -1.3 -41.3513
-2.3 -1.2 -5.30214
-2.3 -1.1 6.93236
-2.3 -1 43.8141
-2.3 -0.9 -9.89681
-2.3 -0.8 -8.85772
-2.3 -0.7 -6.84764
-2.3 -0.6 -4.39236
-2.3 -0.5 -1.93708
-2.3 -0.4 3.11228
-2.3 -0.3 5.69638
-2.3 -0.2 3.1619
-2.3 -0.1 -30.7345
-2.3 0 -29.2283
-2.3 0.1 -27.722
-2.3 0.2 -51.9039
-2.3 0.3 -46.7124
-2.3 0.4 -60.5126
-2.3 0.5 -67.1765
-2.3 0.6 -37.9471
-2.3 0.7 -45.0626
-2.3 0.8 118.74
-2.3 0.9 -41.9752
-2.3 1 -4.56662
-2.3 1.1 85.8851
-2.3 1.2 28.6419
-2.3 1.3 92.9064
-2.3 1.4 43.0268
-2.3 1.5 144.51
-2.3 1.6 104.822
-2.3 1.7 62.47
-2.3 1.8 34.5622
-2.3 1.9 87.9894
-2.3 2 118.198
-2.3 2.1 455.881
-2.3 2.2 51.5718
-2.3 2.3 21.3827
-2.3 2.4 45.3435
-2.3 2.5 100.107
-2.3 2.6 66.0079
-2.3 2.7 138.002
-2.3 2.8 64.3216
-2.3 2.9 107.82

-2.2 -3 -155.14
-2.2 -2.9 -134.18
-2.2 -2.8 -106.236
-2.2 -2.7 -119.734
-2.2 -2.6 -136.096
-2.2 -2.5 -223.822
-2.2 -2.4 -143.041
-2.2 -2.3 -45.8038
-2.2 -2.2 -20.4767
-2.2 -2.1 -38.8002
-2.2 -2 -72.3178
-2.2 -1.9 -89.5614
-2.2 -1.8 -70.4065
-2.2 -1.7 -53.0023
-2.2 -1.6 -46.5898
-2.2 -1.5 -27.9034
-2.2 -1.4 -27.5014
-2.2 -1.3 -15.4254
-2.2 -1.2 1.92027
-2.2 -1.1 7.45673
-2.2 -1 11.4823
-2.2 -0.9 12.1999
-2.2 -0.8 19.8645
-2.2 -0.7 13.9707
-2.2 -0.6 24.1751
-2.2 -0.5 17.1565
-2.2 -0.4 2.28171
-2.2 -0.3 2.5285
-2.2 -0.2 7.17375
-2.2 -0.1 -81.9507
-2.2 0 -64.4518
-2.2 0.1 -41.4573
-2.2 0.2 -38.8577
-2.2 0.3 -83.3649
-2.2 0.4 -61.1719
-2.2 0.5 -204.99
-2.2 0.6 -60.9075
-2.2 0.7 -74.3166
-2.2 0.8 -62.9589
-2.2 0.9 -5.7151
-2.2 1 -38.683
-2.2 1.1 -33.8892
-2.2 1.2 106.122
-2.2 1.3 103.519
-2.2 1.4 254.034
-2.2 1.5 53.5499
-2.2 1.6 150.635
-2.2 1.7 147.158
-2.2 1.8 165.555
-2.2 1.9 78.8099
-2.2 2 104.825
-2.2 2.1 422.743
-2.2 2.2 40.1551
-2.2 2.3 -15.1403
-2.2 2.4 37.8617
-2.2 2.5 136.829
-2.2 2.6 110.328
-2.2 2.7 80.3114
-2.2 2.8 58.3519
-2.2 2.9 148.313

-2.1 -3 -140.037
-2.1 -2.9 -110.708
-2.1 -2.8 -194.302
-2.1 -2.7 -143.258
-2.1 -2.6 -266.313
-2.1 -2.5 -182.763
-2.1 -2.4 -13.3314
-2.1 -2.3 -8.62402
-2.1 -2.2 -78.2437
-2.1 -2.1 -70.4025
-2.1 -2 -86.4436
-2.1 -1.9 -48.8983
-2.1 -1.8 -77.5916
-2.1 -1.7 -47.6868
-2.1 -1.6 -30.2874
-2.1 -1.5 -36.8137
-2.1 -1.4 -18.2121
-2.1 -1.3 -3.53748
-2.1 -1.2 8.61804
-2.1 -1.1 10.1333
-2.1 -1 31.4812
-2.1 -0.9 69.0633
-2.1 -0.8 6.25177
-2.1 -0.7 16.4367
-2.1 -0.6 25.2482
-2.1 -0.5 37.2437
-2.1 -0.4 20.5725
-2.1 -0.3 7.37439
-2.1 -0.2 9.33829
-2.1 -0.1 -46.6057
-2.1 0 -101.215
-2.1 0.1 -104.537
-2.1 0.2 -11.876
-2.1 0.3 -9.44017
-2.1 0.4 -169.653
-2.1 0.5 -79.5092
-2.1 0.6 -91.349
-2.1 0.7 -62.2811
-2.1 0.8 -73.8966
-2.1 0.9 -39.8697
-2.1 1 -17.505
-2.1 1.1 -36.846
-2.1 1.2 -42.9002
-2.1 1.3 45.8539
-2.1 1.4 141.434
-2.1 1.5 109.614
-2.1 1.6 64.9291
-2.1 1.7 114.737
-2.1 1.8 151.752
-2.1 1.9 47.9294
-2.1 2 99.6861
-2.1 2.1 371.442
-2.1 2.2 35.8116
-2.1 2.3 -30.2334
-2.1 2.4 -25.394
-2.1 2.5 38.7603
-2.1 2.6 149.471
-2.1 2.7 58.9903
-2.1 2.8 60.15
-2.1 2.9 146.368

-2 -3 -115.179
-2 -2.9 -202.401
-2 -2.8 -193.688
-2 -2.7 -174.919
-2 -2.6 -230.288
-2 -2.5 -17.0346
-2 -2.4 -12.3272
-2 -2.3 -7.61987
-2 -2.2 -77.9199
-2 -2.1 -136.436
-2 -2 -73.994
-2 -1.9 -79.0314
-2 -1.8 -48.7838
-2 -1.7 -32.6713
-2 -1.6 -18.8397
-2 -1.5 -20.9987
-2 -1.4 -4.5836
-2 -1.3 4.20326
-2 -1.2 12.5364
-2 -1.1 38.9351
-2 -1 74.1485
-2 -0.9 58.0725
-2 -0.8 49.6158
-2 -0.7 3.62576
-2 -0.6 5.90863
-2 -0.5 15.8759
-2 -0.4 17.3886
-2 -0.3 10.6709
-2 -0.2 1.10864
-2 -0.1 -28.9441
-2 0 -26.9157
-2 0.1 -53.2628
-2 0.2 -108.263
-2 0.3 -114.766
-2 0.4 -44.6095
-2 0.5 -260.561
-2 0.6 -139.998
-2 0.7 -94.1363
-2 0.8 -122.666
-2 0.9 -73.4766
-2 1 -36.7776
-2 1.1 -13.0216
-2 1.2 -63.8561
-2 1.3 82.8316
-2 1.4 183.921
-2 1.5 146.667
-2 1.6 54.4167
-2 1.7 337.585
-2 1.8 126.184
-2 1.9 61.4857
-2 2 94.5473
-2 2.1 248.758
-2 2.2 31.4681
-2 2.3 -31.1731
-2 2.4 -26.3337
-2 2.5 -21.4942
-2 2.6 238.198
-2 2.7 127.105
-2 2.8 90.5113
-2 2.9 144.423

-1.9 -3 -153.78
-1.9 -2.9 -104.751
-1.9 -2.8 -120.264
-1.9 -2.7 -228.622
-1.9 -2.6 -147.421
-1.9 -2.5 -16.0304
-1.9 -2.4 -11.3231
-1.9 -2.3 -6.61572
-1.9 -2.2 -150.597
-1.9 -2.1 -193.583
-1.9 -2 -52.5033
-1.9 -1.9 -24.3394
-1.9 -1.8 -40.5152
-1.9 -1.7 -89.0902
-1.9 -1.6 -14.7565
-1.9 -1.5 -0.807895
-1.9 -1.4 4.26008
-1.9 -1.3 29.898
-1.9 -1.2 87.7172
-1.9 -1.1 58.5751
-1.9 -1 40.941
-1.9 -0.9 66.8008
-1.9 -0.8 52.2535
-1.9 -0.7 20.1679
-1.9 -0.6 -9.29203
-1.9 -0.5 -0.547341
-1.9 -0.4 -2.76109
-1.9 -0.3 -13.35
-1.9 -0.2 -24.9817
-1.9 -0.1 0.14014
-1.9 0 -45.7384
-1.9 0.1 -35.4837
-1.9 0.2 -24.0336
-1.9 0.3 -55.4698
-1.9 0.4 -79.9662
-1.9 0.5 -119.445
-1.9 0.6 -317.388
-1.9 0.7 -26.9546
-1.9 0.8 -270.365
-1.9 0.9 -100.536
-1.9 1 -113.719
-1.9 1.1 -21.0812
-1.9 1.2 -30.7713
-1.9 1.3 163.617
-1.9 1.4 50.3076
-1.9 1.5 177.931
-1.9 1.6 96.1709
-1.9 1.7 137.445
-1.9 1.8 115.61
-1.9 1.9 14.119
-1.9 2 88.0758
-1.9 2.1 185.572
-1.9 2.2 68.8293
-1.9 2.3 -32.1128
-1.9 2.4 -27.2734
-1.9 2.5 -22.4339
-1.9 2.6 129.992
-1.9 2.7 298.963
-1.9 2.8 89.1331
-1.9 2.9 58.6071

-1.8 -3 -177.996
-1.8 -2.9 -173.928
-1.8 -2.8 -183.372
-1.8 -2.7 -175.415
-1.8 -2.6 -70.7151
-1.8 -2.5 -15.0263
-1.8 -2.4 -10.3189
-1.8 -2.3 -5.61157
-1.8 -2.2 -253.727
-1.8 -2.1 -152.985
-1.8 -2 -113.695
-1.8 -1.9 -66.2973
-1.8 -1.8 -26.0589
-1.8 -1.7 -10.2408
-1.8 -1.6 -2.25659
-1.8 -1.5 15.7296
-1.8 -1.4 39.5088
-1.8 -1.3 41.6191
-1.8 -1.2 46.2062
-1.8 -1.1 76.564
-1.8 -1 51.185
-1.8 -0.9 75.1942
-1.8 -0.8 19.2528
-1.8 -0.7 -11.6893
-1.8 -0.6 -3.77049
-1.8 -0.5 -25.2087
-1.8 -0.4 -12.6792
-1.8 -0.3 -37.6596
-1.8 -0.2 -64.7622
-1.8 -0.1 39.1865
-1.8 0 -29.7703
-1.8 0.1 -14.5882
-1.8 0.2 21.3801
-1.8 0.3 42.3042
-1.8 0.4 -132.374
-1.8 0.5 -91.7827
-1.8 0.6 -119.898
-1.8 0.7 -252.421
-1.8 0.8 -25.2548
-1.8 0.9 -272.97
-1.8 1 -190.683
-1.8 1.1 -57.914
-1.8 1.2 26.1614
-1.8 1.3 344.316
-1.8 1.4 45.5827
-1.8 1.5 66.1707
-1.8 1.6 150.639
-1.8 1.7 150.4
-1.8 1.8 94.6605
-1.8 1.9 166.515
-1.8 2 83.0104
-1.8 2.1 174.091
-1.8 2.2 334.768
-1.8 2.3 -33.0525
-1.8 2.4 -28.2131
-1.8 2.5 -23.3736
-1.8 2.6 57.7327
-1.8 2.7 294.813
-1.8 2.8 87.755
-1.8 2.9 94.0619

-1.7 -3 -108.29
-1.7 -2.9 -125.077
-1.7 -2.8 -120.829
-1.7 -2.7 -171.77
-1.7 -2.6 -87.0672
-1.7 -2.5 -14.0221
-1.7 -2.4 -9.31479
-1.7 -2.3 -56.4393
-1.7 -2.2 -264.749
-1.7 -2.1 -65.2349
-1.7 -2 -81.1161
-1.7 -1.9 -80.6523
-1.7 -1.8 -14.1804
-1.7 -1.7 -2.28069
-1.7 -1.6 26.6311
-1.7 -1.5 112.067
-1.7 -1.4 13.1053
-1.7 -1.3 25.4568
-1.7 -1.2 49.7541
-1.7 -1.1 46.4721
-1.7 -1 59.1862
-1.7 -0.9 28.6177
-1.7 -0.8 27.7891
-1.7 -0.7 0.412111
-1.7 -0.6 -142.856
-1.7 -0.5 -55.5811
-1.7 -0.4 -67.166
-1.7 -0.3 -106.107
-1.7 -0.2 -21.1859
-1.7 -0.1 -25.3096
-1.7 0 27.6137
-1.7 0.1 34.0041
-1.7 0.2 -38.7645
-1.7 0.3 87.8411
-1.7 0.4 66.1919
-1.7 0.5 -146.174
-1.7 0.6 -78.4598
-1.7 0.7 -120.351
-1.7 0.8 -209.459
-1.7 0.9 -442.399
-1.7 1 -139.913
-1.7 1.1 -66.5241
-1.7 1.2 -32.1194
-1.7 1.3 78.3959
-1.7 1.4 -32.1686
-1.7 1.5 80.507
-1.7 1.6 58.6127
-1.7 1.7 138.725
-1.7 1.8 86.44
-1.7 1.9 152.712
-1.7 2 224.165
-1.7 2.1 196.478
-1.7 2.2 288.189
-1.7 2.3 14.04
-1.7 2.4 -29.1528
-1.7 2.5 -24.3133
-1.7 2.6 24.8307
-1.7 2.7 290.664
-1.7 2.8 97.1788
-1.7 2.9 106.376

-1.6 -3 -180.276
-1.6 -2.9 -83.3638
-1.6 -2.8 -169.306
-1.6 -2.7 -99.507
-1.6 -2.6 -44.1916
-1.6 -2.5 -18.0301
-1.6 -2.4 -32.5343
-1.6 -2.3 -310.329
-1.6 -2.2 -104.084
-1.6 -2.1 -44.882
-1.6 -2 -28.6175
-1.6 -1.9 -32.5679
-1.6 -1.8 -2.30184
-1.6 -1.7 6.16448
-1.6 -1.6 60.4463
-1.6 -1.5 17.0772
-1.6 -1.4 23.5483
-1.6 -1.3 92.1816
-1.6 -1.2 63.2723
-1.6 -1.1 43.0558
-1.6 -1 56.0012
-1.6 -0.9 14.0143
-1.6 -0.8 -73.8385
-1.6 -0.7 -193.416
-1.6 -0.6 -199.176
-1.6 -0.5 -171.584
-1.6 -0.4 -72.9166
-1.6 -0.3 -73.2963
-1.6 -0.2 -101.859
-1.6 -0.1 -30.9319
-1.6 0 88.9754
-1.6 0.1 -34.4065
-1.6 0.2 86.1752
-1.6 0.3 12.3787
-1.6 0.4 -83.0749
-1.6 0.5 39.8838
-1.6 0.6 -72.7355
-1.6 0.7 -337.459
-1.6 0.8 -122.305
-1.6 0.9 -247.965
-1.6 1 -178.127
-1.6 1.1 -129.291
-1.6 1.2 -54.4532
-1.6 1.3 50.8713
-1.6 1.4 -42.5144
-1.6 1.5 -35.1517
-1.6 1.6 212.472
-1.6 1.7 196.747
-1.6 1.8 78.2196
-1.6 1.9 264.576
-1.6 2 204.472
-1.6 2.1 70.0472
-1.6 2.2 163.319
-1.6 2.3 159.292
-1.6 2.4 -11.6812
-1.6 2.5 -26.4078
-1.6 2.6 108.069
-1.6 2.7 218.958
-1.6 2.8 116.45
-1.6 2.9 74.7583

-1.5 -3 -120.284
-1.5 -2.9 -135.464
-1.5 -2.8 -165.88
-1.5 -2.7 -100.463
-1.5 -2.6 -58.1897
-1.5 -2.5 -37.5986
-1.5 -2.4 -219.14
-1.5 -2.3 -183.556
-1.5 -2.2 -118.672
-1.5 -2.1 -76.9143
-1.5 -2 -50.7985
-1.5 -1.9 -15.6172
-1.5 -1.8 2.82215
-1.5 -1.7 15.3333
-1.5 -1.6 55.1644
-1.5 -1.5 18.9743
-1.5 -1.4 56.5575
-1.5 -1.3 74.9598
-1.5 -1.2 65.5179
-1.5 -1.1 109.719
-1.5 -1 9.90841
-1.5 -0.9 -19.7335
-1.5 -0.8 -33.8317
-1.5 -0.7 -246.012
-1.5 -0.6 -110.703
-1.5 -0.5 -19.2886
-1.5 -0.4 -337.004
-1.5 -0.3 -61.4563
-1.5 -0.2 -31.3897
-1.5 -0.1 -51.0688
-1.5 0 -0.366746
-1.5 0.1 63.4414
-1.5 0.2 117.768
-1.5 0.3 95.1578
-1.5 0.4 89.4111
-1.5 0.5 -70.8071
-1.5 0.6 -59.1004
-1.5 0.7 -142.114
-1.5 0.8 -164.344
-1.5 0.9 -205.049
-1.5 1 -76.5716
-1.5 1.1 -158.049
-1.5 1.2 -70.1599
-1.5 1.3 23.7635
-1.5 1.4 13.4891
-1.5 1.5 -36.7682
-1.5 1.6 464.891
-1.5 1.7 177.808
-1.5 1.8 279.966
-1.5 1.9 221.329
-1.5 2 127.87
-1.5 2.1 182.467
-1.5 2.2 170.738
-1.5 2.3 167.99
-1.5 2.4 130.305
-1.5 2.5 23.0546
-1.5 2.6 408.323
-1.5 2.7 143.452
-1.5 2.8 107.919
-1.5 2.9 93.5798

-1.4 -3 -118.044
-1.4 -2.9 -132.566
-1.4 -2.8 -121.748
-1.4 -2.7 -63.0682
-1.4 -2.6 -56.8948
-1.4 -2.5 -72.2145
-1.4 -2.4 -267.207
-1.4 -2.3 -66.5289
-1.4 -2.2 -108.773
-1.4 -2.1 -78.9477
-1.4 -2 -33.5597
-1.4 -1.9 -78.9609
-1.4 -1.8 0.578865
-1.4 -1.7 32.5695
-1.4 -1.6 33.884
-1.4 -1.5 20.8714
-1.4 -1.4 127.927
-1.4 -1.3 68.1366
-1.4 -1.2 83.7995
-1.4 -1.1 16.1842
-1.4 -1 -14.1745
-1.4 -0.9 -41.8085
-1.4 -0.8 -21.9378
-1.4 -0.7 -115.902
-1.4 -0.6 -533.125
-1.4 -0.5 -159.896
-1.4 -0.4 -143.082
-1.4 -0.3 -84.645
-1.4 -0.2 7.37656
-1.4 -0.1 -23.7112
-1.4 0 30.11
-1.4 0.1 31.1443
-1.4 0.2 22.2586
-1.4 0.3 96.6703
-1.4 0.4 89.3499
-1.4 0.5 135.504
-1.4 0.6 759.64
-1.4 0.7 -55.1103
-1.4 0.8 -72.393
-1.4 0.9 -177.887
-1.4 1 -273.037
-1.4 1.1 -29.7316
-1.4 1.2 -160.147
-1.4 1.3 -7.12483
-1.4 1.4 156.908
-1.4 1.5 -38.3847
-1.4 1.6 190.594
-1.4 1.7 295.365
-1.4 1.8 312.343
-1.4 1.9 146.524
-1.4 2 128.165
-1.4 2.1 189.311
-1.4 2.2 117.318
-1.4 2.3 159.236
-1.4 2.4 20.6223
-1.4 2.5 150.506
-1.4 2.6 347.39
-1.4 2.7 105.887
-1.4 2.8 106.029
-1.4 2.9 98.1787

-1.3 -3 -109.252
-1.3 -2.9 -91.6133
-1.3 -2.8 -135.469
-1.3 -2.7 -111.519
-1.3 -2.6 -81.9525
-1.3 -2.5 -312.787
-1.3 -2.4 -104.754
-1.3 -2.3 -49.5138
-1.3 -2.2 -38.4978
-1.3 -2.1 -51.8335
-1.3 -2 -29.9614
-1.3 -1.9 -4.32197
-1.3 -1.8 -7.18337
-1.3 -1.7 37.7203
-1.3 -1.6 19.1467
-1.3 -1.5 76.3102
-1.3 -1.4 77.9095
-1.3 -1.3 59.4304
-1.3 -1.2 45.1948
-1.3 -1.1 19.0738
-1.3 -1 21.4051
-1.3 -0.9 -64.1083
-1.3 -0.8 7.13819
-1.3 -0.7 -539.682
-1.3 -0.6 -416.166
-1.3 -0.5 -72.0167
-1.3 -0.4 -32.4838
-1.3 -0.3 -64.3456
-1.3 -0.2 25.3866
-1.3 -0.1 45.3157
-1.3 0 -48.982
-1.3 0.1 25.4068
-1.3 0.2 46.2392
-1.3 0.3 49.8484
-1.3 0.4 49.8643
-1.3 0.5 120.226
-1.3 0.6 41.2821
-1.3 0.7 183.425
-1.3 0.8 -57.3161
-1.3 0.9 -245.481
-1.3 1 -335.189
-1.3 1.1 -32.2708
-1.3 1.2 -164.293
-1.3 1.3 -47.3609
-1.3 1.4 44.6943
-1.3 1.5 12.6686
-1.3 1.6 423.093
-1.3 1.7 66.5075
-1.3 1.8 148.118
-1.3 1.9 86.6376
-1.3 2 128.46
-1.3 2.1 78.3614
-1.3 2.2 56.9537
-1.3 2.3 109.15
-1.3 2.4 18.9993
-1.3 2.5 320.151
-1.3 2.6 110.438
-1.3 2.7 34.9854
-1.3 2.8 120.573
-1.3 2.9 49.2823

-1.2 -3 -164.822
-1.2 -2.9 -124.742
-1.2 -2.8 -119.79
-1.2 -2.7 -119.096
-1.2 -2.6 -219.735
-1.2 -2.5 -185.091
-1.2 -2.4 -58.1196
-1.2 -2.3 -56.927
-1.2 -2.2 -80.4405
-1.2 -2.1 -7.83628
-1.2 -2 -58.0347
-1.2 -1.9 1.06236
-1.2 -1.8 6.03791
-1.2 -1.7 31.9079
-1.2 -1.6 44.092
-1.2 -1.5 143.536
-1.2 -1.4 68.3997
-1.2 -1.3 41.8646
-1.2 -1.2 35.0988
-1.2 -1.1 51.2658
-1.2 -1 -58.8306
-1.2 -0.9 -295.845
-1.2 -0.8 -302.952
-1.2 -0.7 -33.6551
-1.2 -0.6 -123.195
-1.2 -0.5 -91.5514
-1.2 -0.4 -25.1746
-1.2 -0.3 -22.7376
-1.2 -0.2 -205.954
-1.2 -0.1 12.9492
-1.2 0 -35.1665
-1.2 0.1 -63.5942
-1.2 0.2 -146.47
-1.2 0.3 42.7979
-1.2 0.4 148.044
-1.2 0.5 -34.8192
-1.2 0.6 -63.1936
-1.2 0.7 -91.8405
-1.2 0.8 -121.205
-1.2 0.9 -429.573
-1.2 1 -252.843
-1.2 1.1 -97.9328
-1.2 1.2 -122.073
-1.2 1.3 -33.6705
-1.2 1.4 4.82268
-1.2 1.5 11.904
-1.2 1.6 140.401
-1.2 1.7 240.986
-1.2 1.8 206.954
-1.2 1.9 87.088
-1.2 2 271.767
-1.2 2.1 22.9924
-1.2 2.2 207.244
-1.2 2.3 250.187
-1.2 2.4 129.169
-1.2 2.5 468.612
-1.2 2.6 52.8878
-1.2 2.7 40.31
-1.2 2.8 125.574
-1.2 2.9 112

-1.1 -3 -93.0055
-1.1 -2.9 -189.399
-1.1 -2.8 -107.627
-1.1 -2.7 -147.216
-1.1 -2.6 -269.664
-1.1 -2.5 -67.8229
-1.1 -2.4 -15.697
-1.1 -2.3 -119.673
-1.1 -2.2 -29.4057
-1.1 -2.1 -51.5513
-1.1 -2 -20.2648
-1.1 -1.9 6.4467
-1.1 -1.8 15.6081
-1.1 -1.7 27.3707
-1.1 -1.6 76.0697
-1.1 -1.5 35.202
-1.1 -1.4 38.9305
-1.1 -1.3 47.8993
-1.1 -1.2 44.3486
-1.1 -1.1 -42.6583
-1.1 -1 -182.153
-1.1 -0.9 -43.3996
-1.1 -0.8 -322.466
-1.1 -0.7 -548.392
-1.1 -0.6 -298.367
-1.1 -0.5 -98.5943
-1.1 -0.4 367.677
-1.1 -0.3 15.8434
-1.1 -0.2 -194.925
-1.1 -0.1 -105.707
-1.1 0 -14.5205
-1.1 0.1 9.04302
-1.1 0.2 176.073
-1.1 0.3 56.8178
-1.1 0.4 -0.412825
-1.1 0.5 77.6458
-1.1 0.6 117.276
-1.1 0.7 102.266
-1.1 0.8 -28.5955
-1.1 0.9 -132.536
-1.1 1 -240.437
-1.1 1.1 -430.899
-1.1 1.2 -55.7094
-1.1 1.3 -34.5168
-1.1 1.4 41.2119
-1.1 1.5 75.769
-1.1 1.6 -10.1241
-1.1 1.7 64.7466
-1.1 1.8 210.434
-1.1 1.9 87.5384
-1.1 2 133.881
-1.1 2.1 161.441
-1.1 2.2 59.418
-1.1 2.3 105.279
-1.1 2.4 198.788
-1.1 2.5 95.8509
-1.1 2.6 30.3518
-1.1 2.7 42.0035
-1.1 2.8 54.8779
-1.1 2.9 79.0847

-1 -3 -205.371
-1 -2.9 -115.897
-1 -2.8 -81.88
-1 -2.7 -315.245
-1 -2.6 -49.1135
-1 -2.5 -19.6607
-1 -2.4 -40.1367
-1 -2.3 -81.1178
-1 -2.2 -80.5985
-1 -2.1 -39.8678
-1 -2 -10.2317
-1 -1.9 6.07193
-1 -1.8 26.0503
-1 -1.7 46.4111
-1 -1.6 121.954
-1 -1.5 19.4197
-1 -1.4 50.113
-1 -1.3 30.4948
-1 -1.2 48.6165
-1 -1.1 -33.3731
-1 -1 -64.7857
-1 -0.9 -437.187
-1 -0.8 -357.308
-1 -0.7 -216.688
-1 -0.6 -74.2971
-1 -0.5 203.995
-1 -0.4 230.622
-1 -0.3 82.5844
-1 -0.2 43.8192
-1 -0.1 153.308
-1 0 -321.426
-1 0.1 -214.172
-1 0.2 455.858
-1 0.3 36.6857
-1 0.4 -338.809
-1 0.5 393.455
-1 0.6 705.611
-1 0.7 674.011
-1 0.8 -230.129
-1 0.9 -88.6318
-1 1 -179.051
-1 1.1 -225.053
-1 1.2 -135.323
-1 1.3 -49.6614
-1 1.4 -4.55132
-1 1.5 575.427
-1 1.6 28.1156
-1 1.7 127.556
-1 1.8 213.915
-1 1.9 87.9888
-1 2 111.625
-1 2.1 175.973
-1 2.2 205.114
-1 2.3 117.892
-1 2.4 408.489
-1 2.5 37.2547
-1 2.6 0.43741
-1 2.7 72.7836
-1 2.8 163.304
-1 2.9 77.358

-0.9 -3 -104.956
-0.9 -2.9 -119.774
-0.9 -2.8 -220.331
-0.9 -2.7 -186.625
-0.9 -2.6 4.83019
-0.9 -2.5 -7.20126
-0.9 -2.4 -108.245
-0.9 -2.3 -147.582
-0.9 -2.2 -27.3641
-0.9 -2.1 -3.8218
-0.9 -2 -4.34159
-0.9 -1.9 16.3779
-0.9 -1.8 28.146
-0.9 -1.7 79.1475
-0.9 -1.6 17.1469
-0.9 -1.5 21.3746
-0.9 -1.4 50.64
-0.9 -1.3 43.329
-0.9 -1.2 -22.9656
-0.9 -1.1 12.9089
-0.9 -1 -494.709
-0.9 -0.9 -8.48012
-0.9 -0.8 -723.139
-0.9 -0.7 -42.0267
-0.9 -0.6 -79.3758
-0.9 -0.5 92.0436
-0.9 -0.4 422.34
-0.9 -0.3 21.3398
-0.9 -0.2 58.0544
-0.9 -0.1 140.209
-0.9 0 -298.175
-0.9 0.1 -164.731
-0.9 0.2 489.814
-0.9 0.3 -76.7591
-0.9 0.4 -14.634
-0.9 0.5 396.394
-0.9 0.6 -97.018
-0.9 0.7 -98.1453
-0.9 0.8 -91.6528
-0.9 0.9 -49.7299
-0.9 1 -218.499
-0.9 1.1 -34.8557
-0.9 1.2 -138.647
-0.9 1.3 -20.1919
-0.9 1.4 120.839
-0.9 1.5 -1.34763
-0.9 1.6 -24.6666
-0.9 1.7 293.044
-0.9 1.8 36.7314
-0.9 1.9 328.482
-0.9 2 127.65
-0.9 2.1 27.7468
-0.9 2.2 90.1378
-0.9 2.3 152.081
-0.9 2.4 349.602
-0.9 2.5 -14.8714
-0.9 2.6 -6.20856
-0.9 2.7 66.735
-0.9 2.8 158.057
-0.9 2.9 75.6313

-0.8 -3 -116.719
-0.8 -2.9 -108.296
-0.8 -2.8 -275.617
-0.8 -2.7 -47.058
-0.8 -2.6 2.19298
-0.8 -2.5 7.20618
-0.8 -2.4 -26.8316
-0.8 -2.3 -163.076
-0.8 -2.2 -73.5377
-0.8 -2.1 -15.7962
-0.8 -2 -36.9901
-0.8 -1.9 15.5081
-0.8 -1.8 18.319
-0.8 -1.7 76.1636
-0.8 -1.6 16.5831
-0.8 -1.5 23.7216
-0.8 -1.4 119.634
-0.8 -1.3 39.9213
-0.8 -1.2 -28.9618
-0.8 -1.1 12.1915
-0.8 -1 -367.07
-0.8 -0.9 -305.12
-0.8 -0.8 -389.5
-0.8 -0.7 -161.782
-0.8 -0.6 -265.599
-0.8 -0.5 -25.2356
-0.8 -0.4 149.325
-0.8 -0.3 -243.43
-0.8 -0.2 46.1989
-0.8 -0.1 15.8402
-0.8 0 -254.663
-0.8 0.1 -146.5
-0.8 0.2 500.879
-0.8 0.3 -2.77647
-0.8 0.4 -220.206
-0.8 0.5 67.973
-0.8 0.6 92.6231
-0.8 0.7 -77.1695
-0.8 0.8 -172.476
-0.8 0.9 -535.208
-0.8 1 -273.095
-0.8 1.1 -32.8659
-0.8 1.2 -127.768
-0.8 1.3 -10.2943
-0.8 1.4 63.8826
-0.8 1.5 -31.0601
-0.8 1.6 -23.3631
-0.8 1.7 157.481
-0.8 1.8 216.974
-0.8 1.9 93.6565
-0.8 2 271.543
-0.8 2.1 183.486
-0.8 2.2 257.254
-0.8 2.3 321.104
-0.8 2.4 19.5405
-0.8 2.5 -16.0021
-0.8 2.6 -10.926
-0.8 2.7 53.1152
-0.8 2.8 171.677
-0.8 2.9 126.947

-0.7 -3 -213.57
-0.7 -2.9 -153.621
-0.7 -2.8 -293.824
-0.7 -2.7 -37.4994
-0.7 -2.6 1.76521
-0.7 -2.5 6.77842
-0.7 -2.4 11.7916
-0.7 -2.3 -178.57
-0.7 -2.2 -76.0325
-0.7 -2.1 -66.6703
-0.7 -2 -17.0289
-0.7 -1.9 14.6383
-0.7 -1.8 20.9196
-0.7 -1.7 46.7366
-0.7 -1.6 16.0193
-0.7 -1.5 23.1579
-0.7 -1.4 121.047
-0.7 -1.3 36.5136
-0.7 -1.2 9.21775
-0.7 -1.1 4.07832
-0.7 -1 -148.714
-0.7 -0.9 -71.4197
-0.7 -0.8 -314.756
-0.7 -0.7 -226.438
-0.7 -0.6 -56.9119
-0.7 -0.5 -22.0929
-0.7 -0.4 426.479
-0.7 -0.3 -45.744
-0.7 -0.2 18.3533
-0.7 -0.1 -180.914
-0.7 0 -211.15
-0.7 0.1 -159.494
-0.7 0.2 487.912
-0.7 0.3 25.6524
-0.7 0.4 -21.5813
-0.7 0.5 88.0514
-0.7 0.6 568.991
-0.7 0.7 -4.60658
-0.7 0.8 -124.118
-0.7 0.9 -236.785
-0.7 1 -278.584
-0.7 1.1 -33.7199
-0.7 1.2 -71.7541
-0.7 1.3 83.7955
-0.7 1.4 111.718
-0.7 1.5 -29.7566
-0.7 1.6 -22.0596
-0.7 1.7 151.247
-0.7 1.8 168.089
-0.7 1.9 101.53
-0.7 2 158.201
-0.7 2.1 206.02
-0.7 2.2 275.96
-0.7 2.3 332.608
-0.7 2.4 -20.5022
-0.7 2.5 -15.4261
-0.7 2.6 -10.35
-0.7 2.7 32.3166
-0.7 2.8 266.282
-0.7 2.9 57.5571

-0.6 -3 -204.971
-0.6 -2.9 -143.715
-0.6 -2.8 -223.042
-0.6 -2.7 -51.5278
-0.6 -2.6 1.33745
-0.6 -2.5 6.35065
-0.6 -2.4 11.3639
-0.6 -2.3 -194.063
-0.6 -2.2 -48.8441
-0.6 -2.1 -54.1863
-0.6 -2 -18.0747
-0.6 -1.9 13.7686
-0.6 -1.8 23.5202
-0.6 -1.7 44.736
-0.6 -1.6 38.4235
-0.6 -1.5 44.021
-0.6 -1.4 83.0036
-0.6 -1.3 84.0585
-0.6 -1.2 -22.2436
-0.6 -1.1 -332.875
-0.6 -1 -271.501
-0.6 -0.9 -241.01
-0.6 -0.8 -426.854
-0.6 -0.7 -149.396
-0.6 -0.6 -79.6877
-0.6 -0.5 -28.8757
-0.6 -0.4 24.1418
-0.6 -0.3 84.6764
-0.6 -0.2 -9.6855
-0.6 -0.1 -316.68
-0.6 0 -167.638
-0.6 0.1 -203.897
-0.6 0.2 452.141
-0.6 0.3 58.8602
-0.6 0.4 -109.72
-0.6 0.5 165.949
-0.6 0.6 -100.29
-0.6 0.7 -226.575
-0.6 0.8 -330.637
-0.6 0.9 -213.55
-0.6 1 -265.411
-0.6 1.1 -129.304
-0.6 1.2 -36.692
-0.6 1.3 15.4573
-0.6 1.4 113.893
-0.6 1.5 15.4702
-0.6 1.6 232.406
-0.6 1.7 104.196
-0.6 1.8 207.52
-0.6 1.9 109.403
-0.6 2 157.884
-0.6 2.1 219.054
-0.6 2.2 115.693
-0.6 2.3 348.786
-0.6 2.4 -19.9262
-0.6 2.5 -14.8501
-0.6 2.6 -9.77402
-0.6 2.7 34.6948
-0.6 2.8 258.682
-0.6 2.9 76.9994

-0.5 -3 -121.927
-0.5 -2.9 -109.502
-0.5 -2.8 -200.435
-0.5 -2.7 -107.216
-0.5 -2.6 0.909684
-0.5 -2.5 5.92289
-0.5 -2.4 10.9361
-0.5 -2.3 -271.221
-0.5 -2.2 -43.7652
-0.5 -2.1 -50.8609
-0.5 -2 -21.9487
-0.5 -1.9 17.8263
-0.5 -1.8 21.4151
-0.5 -1.7 47.1803
-0.5 -1.6 23.4519
-0.5 -1.5 35.8684
-0.5 -1.4 43.0614
-0.5 -1.3 23.7182
-0.5 -1.2 -4.8878
-0.5 -1.1 -24.4
-0.5 -1 -109.376
-0.5 -0.9 -16.5811
-0.5 -0.8 -602.344
-0.5 -0.7 -47.5998
-0.5 -0.6 -187.866
-0.5 -0.5 392.391
-0.5 -0.4 367.01
-0.5 -0.3 -203.095
-0.5 -0.2 -22.9196
-0.5 -0.1 -328.634
-0.5 0 -124.125
-0.5 0.1 -262.511
-0.5 0.2 398.548
-0.5 0.3 -293.953
-0.5 0.4 -18.757
-0.5 0.5 625.656
-0.5 0.6 76.088
-0.5 0.7 -85.427
-0.5 0.8 -138.526
-0.5 0.9 -90.1871
-0.5 1 -150.448
-0.5 1.1 -242.265
-0.5 1.2 -21.1692
-0.5 1.3 13.793
-0.5 1.4 56.2681
-0.5 1.5 59.9245
-0.5 1.6 445.112
-0.5 1.7 212.425
-0.5 1.8 303.638
-0.5 1.9 580.038
-0.5 2 185.124
-0.5 2.1 172.355
-0.5 2.2 121.364
-0.5 2.3 202.922
-0.5 2.4 -19.3502
-0.5 2.5 -14.2741
-0.5 2.6 -9.19802
-0.5 2.7 110.301
-0.5 2.8 246.755
-0.5 2.9 76.8501

-0.4 -3 -91.6822
-0.4 -2.9 -111.983
-0.4 -2.8 -207.095
-0.4 -2.7 -116.563
-0.4 -2.6 -14.4014
-0.4 -2.5 5.49512
-0.4 -2.4 -26.4678
-0.4 -2.3 -262.101
-0.4 -2.2 -92.7132
-0.4 -2.1 -11.8352
-0.4 -2 -7.47586
-0.4 -1.9 11.9534
-0.4 -1.8 23.77
-0.4 -1.7 30.4818
-0.4 -1.6 56.4973
-0.4 -1.5 73.4969
-0.4 -1.4 26.2131
-0.4 -1.3 31.0241
-0.4 -1.2 2.45749
-0.4 -1.1 -26.8873
-0.4 -1 -583.296
-0.4 -0.9 -93.3009
-0.4 -0.8 -455.571
-0.4 -0.7 -494.767
-0.4 -0.6 -45.3063
-0.4 -0.5 204.87
-0.4 -0.4 -127.69
-0.4 -0.3 -218.763
-0.4 -0.2 -21.3364
-0.4 -0.1 -280.846
-0.4 0 -80.6129
-0.4 0.1 -303.458
-0.4 0.2 335.625
-0.4 0.3 -24.494
-0.4 0.4 -31.8646
-0.4 0.5 296.506
-0.4 0.6 404.336
-0.4 0.7 9.67063
-0.4 0.8 -298.731
-0.4 0.9 -42.862
-0.4 1 -204.372
-0.4 1.1 -77.8232
-0.4 1.2 -36.9703
-0.4 1.3 12.1286
-0.4 1.4 107.09
-0.4 1.5 59.1909
-0.4 1.6 157.03
-0.4 1.7 234.284
-0.4 1.8 152.826
-0.4 1.9 96.2264
-0.4 2 133.793
-0.4 2.1 183.955
-0.4 2.2 147.698
-0.4 2.3 190.965
-0.4 2.4 14.9213
-0.4 2.5 -13.6981
-0.4 2.6 -5.34812
-0.4 2.7 298.52
-0.4 2.8 76.1607
-0.4 2.9 92.6651

-0.3 -3 -93.154
-0.3 -2.9 -114.464
-0.3 -2.8 -105.32
-0.3 -2.7 -139.205
-0.3 -2.6 -17.4673
-0.3 -2.5 -8.56679
-0.3 -2.4 -239.579
-0.3 -2.3 -88.0063
-0.3 -2.2 -82.7491
-0.3 -2.1 -32.8702
-0.3 -2 -3.45858
-0.3 -1.9 18.5833
-0.3 -1.8 27.3474
-0.3 -1.7 45.5148
-0.3 -1.6 84.6383
-0.3 -1.5 36.4051
-0.3 -1.4 23.988
-0.3 -1.3 12.0352
-0.3 -1.2 -139.264
-0.3 -1.1 3.33394
-0.3 -1 -488.079
-0.3 -0.9 -385.938
-0.3 -0.8 -297.884
-0.3 -0.7 -158.664
-0.3 -0.6 -79.0157
-0.3 -0.5 -9.41356
-0.3 -0.4 241.849
-0.3 -0.3 142.672
-0.3 -0.2 -10.4634
-0.3 -0.1 -243.068
-0.3 0 -37.1004
-0.3 0.1 -311.212
-0.3 0.2 273.41
-0.3 0.3 148.387
-0.3 0.4 25.3447
-0.3 0.5 72.6601
-0.3 0.6 -101.332
-0.3 0.7 92.1857
-0.3 0.8 -215.109
-0.3 0.9 -383.34
-0.3 1 -223.002
-0.3 1.1 -25.7282
-0.3 1.2 -41.1851
-0.3 1.3 244.649
-0.3 1.4 34.1563
-0.3 1.5 420.526
-0.3 1.6 17.4943
-0.3 1.7 130.941
-0.3 1.8 223.364
-0.3 1.9 96.019
-0.3 2 133.442
-0.3 2.1 187.783
-0.3 2.2 129.717
-0.3 2.3 179.008
-0.3 2.4 132.057
-0.3 2.5 -2.90393
-0.3 2.6 73.8478
-0.3 2.7 247.11
-0.3 2.8 75.2033
-0.3 2.9 81.677

-0.2 -3 -102.553
-0.2 -2.9 -120.249
-0.2 -2.8 -146.187
-0.2 -2.7 -66.4397
-0.2 -2.6 -42.2667
-0.2 -2.5 -87.764
-0.2 -2.4 -262.776
-0.2 -2.3 -35.632
-0.2 -2.2 -17.0565
-0.2 -2.1 -10.5826
-0.2 -2 -20.8968
-0.2 -1.9 25.2132
-0.2 -1.8 34.4503
-0.2 -1.7 42.1131
-0.2 -1.6 135.441
-0.2 -1.5 6.1781
-0.2 -1.4 19.0177
-0.2 -1.3 6.50759
-0.2 -1.2 -144.369
-0.2 -1.1 3.52628
-0.2 -1 -251.513
-0.2 -0.9 -134.236
-0.2 -0.8 -469.392
-0.2 -0.7 -52.4389
-0.2 -0.6 -71.4609
-0.2 -0.5 40.5427
-0.2 -0.4 -274.32
-0.2 -0.3 -152.018
-0.2 -0.2 12.467
-0.2 -0.1 -218.333
-0.2 0 6.4121
-0.2 0.1 -286.289
-0.2 0.2 220.477
-0.2 0.3 -418.951
-0.2 0.4 17.6462
-0.2 0.5 33.7196
-0.2 0.6 67.1676
-0.2 0.7 -75.8598
-0.2 0.8 -371.646
-0.2 0.9 -91.9245
-0.2 1 -272.68
-0.2 1.1 -24.6347
-0.2 1.2 -34.0289
-0.2 1.3 37.1436
-0.2 1.4 195.452
-0.2 1.5 248.246
-0.2 1.6 80.1669
-0.2 1.7 176.608
-0.2 1.8 226.392
-0.2 1.9 95.8116
-0.2 2 256.16
-0.2 2.1 81.6737
-0.2 2.2 66.5673
-0.2 2.3 106.903
-0.2 2.4 38.9169
-0.2 2.5 33.8689
-0.2 2.6 297.845
-0.2 2.7 76.9523
-0.2 2.8 91.0182
-0.2 2.9 90.7155

-0.1 -3 -182.184
-0.1 -2.9 -68.8014
-0.1 -2.8 -141.979
-0.1 -2.7 -115.943
-0.1 -2.6 -51.4402
-0.1 -2.5 -239.225
-0.1 -2.4 -87.6881
-0.1 -2.3 -36.6489
-0.1 -2.2 -49.9547
-0.1 -2.1 -28.8778
-0.1 -2 4.02109
-0.1 -1.9 21.8115
-0.1 -1.8 46.3916
-0.1 -1.7 84.5238
-0.1 -1.6 10.2844
-0.1 -1.5 17.2556
-0.1 -1.4 81.6284
-0.1 -1.3 3.98917
-0.1 -1.2 -45.6943
-0.1 -1.1 -73.3632
-0.1 -1 -348.207
-0.1 -0.9 -687.372
-0.1 -0.8 -481.112
-0.1 -0.7 -231.146
-0.1 -0.6 -35.014
-0.1 -0.5 110.322
-0.1 -0.4 60.4475
-0.1 -0.3 -364.127
-0.1 -0.2 48.254
-0.1 -0.1 -209.733
-0.1 0 49.9246
-0.1 0.1 -229.701
-0.1 0.2 182.076
-0.1 0.3 -91.9389
-0.1 0.4 159.122
-0.1 0.5 244.832
-0.1 0.6 225.714
-0.1 0.7 -42.2982
-0.1 0.8 -165.971
-0.1 0.9 -120.615
-0.1 1 -267.683
-0.1 1.1 -47.1862
-0.1 1.2 20.1149
-0.1 1.3 45.7421
-0.1 1.4 108.1
-0.1 1.5 -14.5377
-0.1 1.6 -7.56651
-0.1 1.7 314.776
-0.1 1.8 229.421
-0.1 1.9 95.6042
-0.1 2 130.796
-0.1 2.1 129.109
-0.1 2.2 176.623
-0.1 2.3 109.005
-0.1 2.4 24.6427
-0.1 2.5 74.3515
-0.1 2.6 247.464
-0.1 2.7 41.7143
-0.1 2.8 89.476
-0.1 2.9 120.783

0 -3 -103.075
0 -2.9 -116.882
0 -2.8 -115.931
0 -2.7 -44.3345
0 -2.6 -86.9724
0 -2.5 -263.45
0 -2.4 -37.4004
0 -2.3 -28.3303
0 -2.2 -7.5515
0 -2.1 -15.7295
0 -2 11.2088
0 -1.9 31.8508
0 -1.8 32.0266
0 -1.7 63.2119
0 -1.6 10.6557
0 -1.5 17.6268
0 -1.4 83.4109
0 -1.3 6.68728
0 -1.2 -102.127
0 -1.1 -358.7
0 -1 -153.391
0 -0.9 -23.2265
0 -0.8 -491.999
0 -0.7 -204.166
0 -0.6 -78.1135
0 -0.5 486.465
0 -0.4 -386.354
0 -0.3 170.219
0 -0.2 96.5994
0 -0.1 -219.086
0 0 93.4371
0 0.1 -152.735
0 0.2 160.253
0 0.3 170.628
0 0.4 55.3145
0 0.5 716.466
0 0.6 -100.889
0 0.7 -141.757
0 0.8 -384.521
0 0.9 -37.401
0 1 -112.669
0 1.1 -174.61
0 1.2 53.9493
0 1.3 89.5299
0 1.4 169.302
0 1.5 -14.1664
0 1.6 -7.19524
0 1.7 325.721
0 1.8 52.1852
0 1.9 127.942
0 2 104.824
0 2.1 148.416
0 2.2 57.5062
0 2.3 88.6057
0 2.4 103.398
0 2.5 297.171
0 2.6 77.7439
0 2.7 31.9442
0 2.8 84.4412
0 2.9 85.2515

0.1 -3 -99.9532
0.1 -2.9 -170.553
0.1 -2.8 -123.194
0.1 -2.7 -51.3571
0.1 -2.6 -238.87
0.1 -2.5 -34.7776
0.1 -2.4 5.61356
0.1 -2.3 -47.6258
0.1 -2.2 -46.8823
0.1 -2.1 0.290771
0.1 -2 18.847
0.1 -1.9 27.9882
0.1 -1.8 24.8146
0.1 -1.7 74.1571
0.1 -1.6 11.027
0.1 -1.5 17.9981
0.1 -1.4 63.8451
0.1 -1.3 -16.1947
0.1 -1.2 -83.8113
0.1 -1.1 -62.0734
0.1 -1 -608.656
0.1 -0.9 -202.29
0.1 -0.8 -272.547
0.1 -0.7 -71.2746
0.1 -0.6 70.613
0.1 -0.5 210.166
0.1 -0.4 -146.324
0.1 -0.3 -90.4983
0.1 -0.2 157.048
0.1 -0.1 -235.507
0.1 0 136.95
0.1 0.1 -78.0797
0.1 0.2 155.052
0.1 0.3 -375.932
0.1 0.4 277.594
0.1 0.5 142.979
0.1 0.6 61.9504
0.1 0.7 -246.226
0.1 0.8 -292.3
0.1 0.9 -513.363
0.1 1 -168.24
0.1 1.1 -36.0849
0.1 1.2 36.4232
0.1 1.3 65.8083
0.1 1.4 171.084
0.1 1.5 -13.7951
0.1 1.6 -6.82396
0.1 1.7 234.245
0.1 1.8 192.352
0.1 1.9 181.288
0.1 2 113.35
0.1 2.1 161.564
0.1 2.2 159.012
0.1 2.3 96.9243
0.1 2.4 134.512
0.1 2.5 247.819
0.1 2.6 41.7974
0.1 2.7 82.225
0.1 2.8 104.86
0.1 2.9 44.1604

0.2 -3 -116.376
0.2 -2.9 -122.205
0.2 -2.8 -119.485
0.2 -2.7 -86.1808
0.2 -2.6 -264.125
0.2 -2.5 2.93226
0.2 -2.4 -10.8974
0.2 -2.3 -45.524
0.2 -2.2 -4.72913
0.2 -2.1 3.27172
0.2 -2 0.0186606
0.2 -1.9 27.7808
0.2 -1.8 27.843
0.2 -1.7 30.7168
0.2 -1.6 28.7839
0.2 -1.5 80.6009
0.2 -1.4 -11.8343
0.2 -1.3 -7.59627
0.2 -1.2 -75.4193
0.2 -1.1 -2.29155
0.2 -1 -549.828
0.2 -0.9 -84.6504
0.2 -0.8 -475.703
0.2 -0.7 -57.5321
0.2 -0.6 -20.9866
0.2 -0.5 24.3562
0.2 -0.4 -458.381
0.2 -0.3 -423.383
0.2 -0.2 228.654
0.2 -0.1 -238.017
0.2 0 180.462
0.2 0.1 -18.6454
0.2 0.2 165.865
0.2 0.3 -152.836
0.2 0.4 100.684
0.2 0.5 52.7879
0.2 0.6 52.0536
0.2 0.7 -67.1762
0.2 0.8 -361.519
0.2 0.9 -142.478
0.2 1 -151.778
0.2 1.1 -15.3744
0.2 1.2 88.226
0.2 1.3 63.2898
0.2 1.4 115.728
0.2 1.5 102.812
0.2 1.6 230.18
0.2 1.7 322.197
0.2 1.8 151.949
0.2 1.9 90.8193
0.2 2 226.104
0.2 2.1 135.477
0.2 2.2 75.805
0.2 2.3 101.63
0.2 2.4 296.496
0.2 2.5 78.5355
0.2 2.6 29.8764
0.2 2.7 47.6738
0.2 2.8 109.068
0.2 2.9 80.7892

0.3 -3 -176.712
0.3 -2.9 -113.166
0.3 -2.8 -103.67
0.3 -2.7 -238.516
0.3 -2.6 -34.2739
0.3 -2.5 13.7882
0.3 -2.4 -70.6783
0.3 -2.3 -93.4178
0.3 -2.2 -31.0209
0.3 -2.1 -33.4106
0.3 -2 4.97588
0.3 -1.9 27.5734
0.3 -1.8 30.8713
0.3 -1.7 55.0288
0.3 -1.6 20.9122
0.3 -1.5 98.1438
0.3 -1.4 5.94818
0.3 -1.3 -249.138
0.3 -1.2 -257.938
0.3 -1.1 -1.19804
0.3 -1 -345.611
0.3 -0.9 -422.819
0.3 -0.8 -363.264
0.3 -0.7 -175.747
0.3 -0.6 -77.1592
0.3 -0.5 65.0576
0.3 -0.4 -338.878
0.3 -0.3 149.247
0.3 -0.2 308.623
0.3 -0.1 -216.728
0.3 0 223.975
0.3 0.1 25.0452
0.3 0.2 191.767
0.3 0.3 138.985
0.3 0.4 388.965
0.3 0.5 1.67818
0.3 0.6 -99.3377
0.3 0.7 -76.6301
0.3 0.8 -174.518
0.3 0.9 -192.782
0.3 1 -221.653
0.3 1.1 -15.1821
0.3 1.2 83.1207
0.3 1.3 80.2455
0.3 1.4 155.92
0.3 1.5 79.5125
0.3 1.6 408.198
0.3 1.7 274.131
0.3 1.8 194.247
0.3 1.9 97.4492
0.3 2 132.858
0.3 2.1 157.765
0.3 2.2 198.921
0.3 2.3 134.83
0.3 2.4 248.173
0.3 2.5 6.73287
0.3 2.6 12.9938
0.3 2.7 99.299
0.3 2.8 69.1774
0.3 2.9 79.601

0.4 -3 -87.5357
0.4 -2.9 -121.132
0.4 -2.8 -85.3892
0.4 -2.7 -264.799
0.4 -2.6 20.1408
0.4 -2.5 17.5433
0.4 -2.4 -0.27981
0.4 -2.3 -105.375
0.4 -2.2 -39.9524
0.4 -2.1 -29.5823
0.4 -2 4.62536
0.4 -1.9 27.366
0.4 -1.8 27.7581
0.4 -1.7 58.5616
0.4 -1.6 49.4922
0.4 -1.5 12.6887
0.4 -1.4 -20.0435
0.4 -1.3 -30.365
0.4 -1.2 -262.153
0.4 -1.1 -88.5323
0.4 -1 -397.966
0.4 -0.9 -29.6897
0.4 -0.8 -490.475
0.4 -0.7 -86.9559
0.4 -0.6 223.556
0.4 -0.5 262.038
0.4 -0.4 -499.9
0.4 -0.3 -26.2326
0.4 -0.2 391.121
0.4 -0.1 -171.708
0.4 0 267.487
0.4 0.1 53.4307
0.4 0.2 230.577
0.4 0.3 -231.267
0.4 0.4 164.877
0.4 0.5 260.255
0.4 0.6 55.1674
0.4 0.7 -335.408
0.4 0.8 -342.299
0.4 0.9 -91.3618
0.4 1 -232.173
0.4 1.1 -15.4801
0.4 1.2 40.8033
0.4 1.3 74.5912
0.4 1.4 68.3607
0.4 1.5 134.498
0.4 1.6 149.789
0.4 1.7 96.3025
0.4 1.8 264.862
0.4 1.9 104.079
0.4 2 131.542
0.4 2.1 71.317
0.4 2.2 207.276
0.4 2.3 295.822
0.4 2.4 19.3376
0.4 2.5 -2.73295
0.4 2.6 10.9585
0.4 2.7 81.5387
0.4 2.8 154.165
0.4 2.9 77.1199

0.5 -3 -225.131
0.5 -2.9 -105.317
0.5 -2.8 -238.161
0.5 -2.7 -76.6657
0.5 -2.6 13.0432
0.5 -2.5 18.1193
0.5 -2.4 23.1954
0.5 -2.3 -117.332
0.5 -2.2 -21.6583
0.5 -2.1 -22.0054
0.5 -2 1.71473
0.5 -1.9 3.62249
0.5 -1.8 31.4187
0.5 -1.7 50.877
0.5 -1.6 47.3071
0.5 -1.5 -13.5452
0.5 -1.4 -11.2653
0.5 -1.3 -32.0293
0.5 -1.2 -116.724
0.5 -1.1 -826.408
0.5 -1 -190.117
0.5 -0.9 -86.289
0.5 -0.8 -236.793
0.5 -0.7 -64.821
0.5 -0.6 0.846697
0.5 -0.5 376.881
0.5 -0.4 -493.861
0.5 -0.3 -347.971
0.5 -0.2 467.148
0.5 -0.1 -103.212
0.5 0 311
0.5 0.1 46.4778
0.5 0.2 277.987
0.5 0.3 -181.482
0.5 0.4 467.532
0.5 0.5 671.922
0.5 0.6 -96.1175
0.5 0.7 -60.9891
0.5 0.8 -347.196
0.5 0.9 -29.7576
0.5 1 -68.8366
0.5 1.1 -24.8239
0.5 1.2 94.4203
0.5 1.3 81.8971
0.5 1.4 236.6
0.5 1.5 641.74
0.5 1.6 41.8237
0.5 1.7 226.44
0.5 1.8 140.558
0.5 1.9 103.562
0.5 2 146.843
0.5 2.1 152.158
0.5 2.2 100.878
0.5 2.3 301.796
0.5 2.4 -8.17391
0.5 2.5 -3.16071
0.5 2.6 1.85249
0.5 2.7 72.1921
0.5 2.8 147.505
0.5 2.9 74.6388

0.6 -3 -106.496
0.6 -2.9 -93.3288
0.6 -2.8 -236.664
0.6 -2.7 -17.1736
0.6 -2.6 13.6192
0.6 -2.5 18.6953
0.6 -2.4 23.7714
0.6 -2.3 -211.888
0.6 -2.2 -15.9873
0.6 -2.1 -19.5252
0.6 -2 10.8216
0.6 -1.9 23.4598
0.6 -1.8 30.7262
0.6 -1.7 34.7458
0.6 -1.6 111.207
0.6 -1.5 -4.2249
0.6 -1.4 28.6229
0.6 -1.3 -33.6937
0.6 -1.2 -199.738
0.6 -1.1 -115.042
0.6 -1 -580.316
0.6 -0.9 -378.463
0.6 -0.8 -436.29
0.6 -0.7 -207.275
0.6 -0.6 -75.7409
0.6 -0.5 139.84
0.6 -0.4 -527.687
0.6 -0.3 67.1201
0.6 -0.2 526.4
0.6 -0.1 -27.2186
0.6 0 354.512
0.6 0.1 25.7089
0.6 0.2 330.602
0.6 0.3 75.1189
0.6 0.4 238.761
0.6 0.5 6.84949
0.6 0.6 -96.6784
0.6 0.7 -78.5093
0.6 0.8 -316.367
0.6 0.9 -219.995
0.6 1 -111.145
0.6 1.1 99.9047
0.6 1.2 134.884
0.6 1.3 260.205
0.6 1.4 124.992
0.6 1.5 24.3139
0.6 1.6 148.991
0.6 1.7 107.579
0.6 1.8 218.15
0.6 1.9 95.0258
0.6 2 130.063
0.6 2.1 155.483
0.6 2.2 105.957
0.6 2.3 217.077
0.6 2.4 -8.60168
0.6 2.5 -3.58848
0.6 2.6 1.42473
0.6 2.7 37.6667
0.6 2.8 165.904
0.6 2.9 98.7209

0.7 -3 -92.011
0.7 -2.9 -65.8249
0.7 -2.8 -240.067
0.7 -2.7 -22.3985
0.7 -2.6 14.1952
0.7 -2.5 19.2713
0.7 -2.4 24.3474
0.7 -2.3 -195.71
0.7 -2.2 -58.0136
0.7 -2.1 -21.801
0.7 -2 12.5329
0.7 -1.9 31.333
0.7 -1.8 37.2285
0.7 -1.7 55.2758
0.7 -1.6 2.13482
0.7 -1.5 9.83186
0.7 -1.4 30.7981
0.7 -1.3 -111.959
0.7 -1.2 -187.065
0.7 -1.1 -9.14874
0.7 -1 -553.722
0.7 -0.9 -226.687
0.7 -0.8 -250.707
0.7 -0.7 -94.0896
0.7 -0.6 373.22
0.7 -0.5 78.5559
0.7 -0.4 -337.75
0.7 -0.3 29.1152
0.7 -0.2 560.276
0.7 -0.1 24.254
0.7 0 398.025
0.7 0.1 68.734
0.7 0.2 375.634
0.7 0.3 -54.975
0.7 0.4 423.691
0.7 0.5 -0.0779575
0.7 0.6 41.8236
0.7 0.7 -176.858
0.7 0.8 -171.492
0.7 0.9 -49.7129
0.7 1 -71.1308
0.7 1.1 20.5969
0.7 1.2 99.0003
0.7 1.3 116.436
0.7 1.4 209.169
0.7 1.5 0.856452
0.7 1.6 7.995
0.7 1.7 196.983
0.7 1.8 220.75
0.7 1.9 94.156
0.7 2 129.017
0.7 2.1 171.102
0.7 2.2 118.359
0.7 2.3 201.584
0.7 2.4 -9.02944
0.7 2.5 -4.01624
0.7 2.6 0.996964
0.7 2.7 32.1645
0.7 2.8 218.632
0.7 2.9 108.627

0.8 -3 -187.914
0.8 -2.9 -133.265
0.8 -2.8 -156.307
0.8 -2.7 -44.326
0.8 -2.6 14.7712
0.8 -2.5 19.8473
0.8 -2.4 -21.4918
0.8 -2.3 -148.06
0.8 -2.2 -52.3133
0.8 -2.1 3.35359
0.8 -2 0.200926
0.8 -1.9 39.2061
0.8 -1.8 46.3281
0.8 -1.7 59.8154
0.8 -1.6 3.43833
0.8 -1.5 11.1354
0.8 -1.4 18.2306
0.8 -1.3 -59.6445
0.8 -1.2 -175.514
0.8 -1.1 -3.07765
0.8 -1 -414.807
0.8 -0.9 -719.5
0.8 -0.8 -442.484
0.8 -0.7 -62.8747
0.8 -0.6 32.275
0.8 -0.5 63.9154
0.8 -0.4 -557.856
0.8 -0.3 -163.781
0.8 -0.2 563.844
0.8 -0.1 34.1816
0.8 0 441.537
0.8 0.1 174.509
0.8 0.2 391.983
0.8 0.3 -153.741
0.8 0.4 301.978
0.8 0.5 -10.0358
0.8 0.6 -199.467
0.8 0.7 -174.727
0.8 0.8 -262.715
0.8 0.9 -152.291
0.8 1 -118.936
0.8 1.1 -2.22156
0.8 1.2 225.34
0.8 1.3 113.028
0.8 1.4 210.583
0.8 1.5 0.292696
0.8 1.6 7.43124
0.8 1.7 316.571
0.8 1.8 223.351
0.8 1.9 93.2862
0.8 2 228.404
0.8 2.1 75.2248
0.8 2.2 131.073
0.8 2.3 186.09
0.8 2.4 33.1935
0.8 2.5 -4.444
0.8 2.6 0.5692
0.8 2.7 41.8596
0.8 2.8 206.161
0.8 2.9 63.3437

0.9 -3 -178.672
0.9 -2.9 -81.0817
0.9 -2.8 -145.343
0.9 -2.7 -59.2467
0.9 -2.6 9.69423
0.9 -2.5 18.7585
0.9 -2.4 -239.383
0.9 -2.3 -21.0455
0.9 -2.2 0.596488
0.9 -2.1 19.0656
0.9 -2 16.4444
0.9 -1.9 46.5554
0.9 -1.8 27.4459
0.9 -1.7 34.2447
0.9 -1.6 4.74183
0.9 -1.5 35.1974
0.9 -1.4 -90.422
0.9 -1.3 -49.7469
0.9 -1.2 -363.633
0.9 -1.1 -1.0878
0.9 -1 -416.178
0.9 -0.9 -34.1902
0.9 -0.8 -189.144
0.9 -0.7 -69.2555
0.9 -0.6 -72.8153
0.9 -0.5 351.773
0.9 -0.4 -61.1962
0.9 -0.3 -57.0193
0.9 -0.2 536.088
0.9 -0.1 3.2389
0.9 0 485.05
0.9 0.1 241.732
0.9 0.2 365.999
0.9 0.3 10.543
0.9 0.4 424.981
0.9 0.5 178.629
0.9 0.6 -92.4688
0.9 0.7 -55.8591
0.9 0.8 -384.815
0.9 0.9 -19.5224
0.9 1 -146.975
0.9 1.1 -2.93899
0.9 1.2 219.344
0.9 1.3 109.62
0.9 1.4 177.183
0.9 1.5 122.884
0.9 1.6 6.86749
0.9 1.7 168.397
0.9 1.8 58.8991
0.9 1.9 92.4164
0.9 2 119.219
0.9 2.1 44.1788
0.9 2.2 68.3855
0.9 2.3 170.596
0.9 2.4 124.473
0.9 2.5 13.0711
0.9 2.6 0.660194
0.9 2.7 128.901
0.9 2.8 160.881
0.9 2.9 74.0642

1 -3 -103.011
1 -2.9 -82.8084
1 -2.8 -150.59
1 -2.7 -65.2952
1 -2.6 2.78021
1 -2.5 -28.5377
1 -2.4 -228.476
1 -2.3 -5.23981
1 -2.2 -20.895
1 -2.1 -3.7569
1 -2 21.2381
1 -1.9 27.3681
1 -1.8 11.7176
1 -1.7 15.5393
1 -1.6 7.76175
1 -1.5 -171.212
1 -1.4 -19.5839
1 -1.3 -118.018
1 -1.2 -366.957
1 -1.1 -282.819
1 -1 -215.604
1 -0.9 -105.903
1 -0.8 -344.878
1 -0.7 233.884
1 -0.6 507.792
1 -0.5 44.7761
1 -0.4 -590.982
1 -0.3 60.0869
1 -0.2 478.519
1 -0.1 -67.7588
1 0 496.968
1 0.1 223.334
1 0.2 296.344
1 0.3 75.2716
1 0.4 338.185
1 0.5 547.93
1 0.6 18.7943
1 0.7 -128.498
1 0.8 -251.348
1 0.9 -319.973
1 1 -23.6598
1 1.1 12.0846
1 1.2 85.8695
1 1.3 457.979
1 1.4 182.884
1 1.5 137.676
1 1.6 192.918
1 1.7 121.395
1 1.8 151.69
1 1.9 189.887
1 2 91.1376
1 2.1 114.418
1 2.2 139.588
1 2.3 97.3461
1 2.4 50.6029
1 2.5 30.7035
1 2.6 44.7546
1 2.7 238.65
1 2.8 51.6574
1 2.9 64.0905

1.1 -3 -63.1103
1.1 -2.9 -84.5351
1.1 -2.8 -86.9841
1.1 -2.7 -38.1855
1.1 -2.6 -27.9142
1.1 -2.5 -72.8325
1.1 -2.4 -57.4716
1.1 -2.3 -12.4069
1.1 -2.2 7.13566
1.1 -2.1 10.7747
1.1 -2 27.4115
1.1 -1.9 27.8185
1.1 -1.8 15.1982
1.1 -1.7 26.3086
1.1 -1.6 13.7087
1.1 -1.5 6.34422
1.1 -1.4 -77.9676
1.1 -1.3 -68.0765
1.1 -1.2 -83.5769
1.1 -1.1 -698.465
1.1 -1 -514.957
1.1 -0.9 -107.718
1.1 -0.8 -146.832
1.1 -0.7 -7.725
1.1 -0.6 70.3217
1.1 -0.5 51.8119
1.1 -0.4 -20.7683
1.1 -0.3 78.0129
1.1 -0.2 179.273
1.1 -0.1 32.6578
1.1 0 -13.4738
1.1 0.1 -99.2116
1.1 0.2 -148.988
1.1 0.3 -12.5831
1.1 0.4 414.156
1.1 0.5 -60.0275
1.1 0.6 -249.212
1.1 0.7 -427.2
1.1 0.8 -164.066
1.1 0.9 -41.361
1.1 1 -39.9976
1.1 1.1 81.3449
1.1 1.2 139.772
1.1 1.3 104.395
1.1 1.4 95.2737
1.1 1.5 94.5736
1.1 1.6 325.309
1.1 1.7 92.7499
1.1 1.8 122.187
1.1 1.9 74.4592
1.1 2 93.4341
1.1 2.1 126.101
1.1 2.2 50.1745
1.1 2.3 145.09
1.1 2.4 26.7397
1.1 2.5 71.1945
1.1 2.6 193.07
1.1 2.7 101.464
1.1 2.8 55.8198
1.1 2.9 102.813

1.2 -3 -63.823
1.2 -2.9 -121.953
1.2 -2.8 -118.824
1.2 -2.7 -36.492
1.2 -2.6 -45.4247
1.2 -2.5 -288.599
1.2 -2.4 -16.5175
1.2 -2.3 -60.545
1.2 -2.2 -21.6276
1.2 -2.1 16.6618
1.2 -2 12.8165
1.2 -1.9 28.2689
1.2 -1.8 18.6787
1.2 -1.7 19.6939
1.2 -1.6 19.9181
1.2 -1.5 -13.0649
1.2 -1.4 -35.9008
1.2 -1.3 -68.9228
1.2 -1.2 -302.187
1.2 -1.1 -82.8892
1.2 -1 -511.323
1.2 -0.9 -483.176
1.2 -0.8 -133.577
1.2 -0.7 -68.144
1.2 -0.6 -17.7049
1.2 -0.5 -23.4556
1.2 -0.4 151.354
1.2 -0.3 49.3176
1.2 -0.2 -122.774
1.2 -0.1 -62.4552
1.2 0 -21.8623
1.2 0.1 20.4292
1.2 0.2 -117.645
1.2 0.3 -13.6359
1.2 0.4 -9.42875
1.2 0.5 -105.549
1.2 0.6 -115.616
1.2 0.7 -41.4183
1.2 0.8 -201.425
1.2 0.9 -117.131
1.2 1 2.99538
1.2 1.1 83.2201
1.2 1.2 194.882
1.2 1.3 110.43
1.2 1.4 239.337
1.2 1.5 344.444
1.2 1.6 123.714
1.2 1.7 144.45
1.2 1.8 165.596
1.2 1.9 79.8435
1.2 2 176.265
1.2 2.1 32.9558
1.2 2.2 112.117
1.2 2.3 74.5369
1.2 2.4 74.9645
1.2 2.5 127.366
1.2 2.6 160.285
1.2 2.7 73.3862
1.2 2.8 67.9831
1.2 2.9 69.2593

1.3 -3 -92.8301
1.3 -2.9 -56.5572
1.3 -2.8 -113.823
1.3 -2.7 -32.5478
1.3 -2.6 -87.4195
1.3 -2.5 -147.107
1.3 -2.4 20.5454
1.3 -2.3 -21.6437
1.3 -2.2 7.53826
1.3 -2.1 14.9454
1.3 -2 11.0699
1.3 -1.9 28.7193
1.3 -1.8 17.9893
1.3 -1.7 14.6024
1.3 -1.6 -41.6754
1.3 -1.5 -36.0096
1.3 -1.4 -33.887
1.3 -1.3 -128.225
1.3 -1.2 -300.948
1.3 -1.1 -4.43627
1.3 -1 -390.913
1.3 -0.9 -362.66
1.3 -0.8 -28.2461
1.3 -0.7 23.8366
1.3 -0.6 24.5969
1.3 -0.5 106.935
1.3 -0.4 54.6095
1.3 -0.3 63.4833
1.3 -0.2 53.0025
1.3 -0.1 -22.3963
1.3 0 -39.2294
1.3 0.1 49.5075
1.3 0.2 30.2636
1.3 0.3 -62.7808
1.3 0.4 -15.1694
1.3 0.5 -27.7386
1.3 0.6 -252.78
1.3 0.7 -404.363
1.3 0.8 -11.768
1.3 0.9 -50.1785
1.3 1 38.322
1.3 1.1 12.9962
1.3 1.2 148.698
1.3 1.3 137.495
1.3 1.4 117.753
1.3 1.5 176.76
1.3 1.6 59.8049
1.3 1.7 175.231
1.3 1.8 209.911
1.3 1.9 85.2278
1.3 2 103.311
1.3 2.1 105.976
1.3 2.2 57.3553
1.3 2.3 66.3588
1.3 2.4 78.5734
1.3 2.5 236.192
1.3 2.6 51.7299
1.3 2.7 59.7125
1.3 2.8 72.4745
1.3 2.9 49.3791

1.4 -3 -173.534
1.4 -2.9 -99.0908
1.4 -2.8 -104.281
1.4 -2.7 -101.176
1.4 -2.6 -237.171
1.4 -2.5 -19.4703
1.4 -2.4 7.27387
1.4 -2.3 -47.0756
1.4 -2.2 -6.31021
1.4 -2.1 -13.3548
1.4 -2 11.3647
1.4 -1.9 42.6367
1.4 -1.8 11.1688
1.4 -1.7 -5.61835
1.4 -1.6 39.2134
1.4 -1.5 0.696218
1.4 -1.4 -120.673
1.4 -1.3 -196.493
1.4 -1.2 -376.663
1.4 -1.1 -6.97544
1.4 -1 -340.283
1.4 -0.9 -198.453
1.4 -0.8 -64.7388
1.4 -0.7 -187.866
1.4 -0.6 291.586
1.4 -0.5 89.7932
1.4 -0.4 97.4727
1.4 -0.3 97.8703
1.4 -0.2 30.184
1.4 -0.1 41.6925
1.4 0 38.0685
1.4 0.1 -21.4219
1.4 0.2 19.2655
1.4 0.3 -62.5607
1.4 0.4 -21.9449
1.4 0.5 -130.992
1.4 0.6 -282.013
1.4 0.7 -72.1037
1.4 0.8 -28.132
1.4 0.9 -6.87719
1.4 1 131.113
1.4 1.1 15.8859
1.4 1.2 177.442
1.4 1.3 193.345
1.4 1.4 482.487
1.4 1.5 13.4522
1.4 1.6 153.307
1.4 1.7 98.5621
1.4 1.8 117.351
1.4 1.9 323.566
1.4 2 99.3822
1.4 2.1 110.624
1.4 2.2 136.004
1.4 2.3 69.9005
1.4 2.4 190.612
1.4 2.5 41.9919
1.4 2.6 32.2141
1.4 2.7 33.4259
1.4 2.8 66.2647
1.4 2.9 74.7294

1.5 -3 -83.9252
1.5 -2.9 -94.4919
1.5 -2.8 -104.468
1.5 -2.7 -122.979
1.5 -2.6 -228.31
1.5 -2.5 16.4901
1.5 -2.4 -42.7994
1.5 -2.3 -55.8296
1.5 -2.2 -13.0938
1.5 -2.1 -8.16654
1.5 -2 11.6595
1.5 -1.9 20.3153
1.5 -1.8 7.25465
1.5 -1.7 32.9425
1.5 -1.6 -104.829
1.5 -1.5 -0.920295
1.5 -1.4 2.70255
1.5 -1.3 -164.233
1.5 -1.2 -90.9912
1.5 -1.1 -247.74
1.5 -1 -26.4435
1.5 -0.9 -290.809
1.5 -0.8 -209.637
1.5 -0.7 -102.81
1.5 -0.6 -66.4297
1.5 -0.5 -45.4401
1.5 -0.4 63.3471
1.5 -0.3 91.6872
1.5 -0.2 160.891
1.5 -0.1 51.2307
1.5 0 11.9139
1.5 0.1 -23.2983
1.5 0.2 -21.0277
1.5 0.3 -35.9861
1.5 0.4 -195.907
1.5 0.5 -27.3769
1.5 0.6 -76.1506
1.5 0.7 -163.674
1.5 0.8 -7.15891
1.5 0.9 36.9012
1.5 1 13.2969
1.5 1.1 198.807
1.5 1.2 131.408
1.5 1.3 120.702
1.5 1.4 115.769
1.5 1.5 15.3493
1.5 1.6 307.681
1.5 1.7 156.3
1.5 1.8 113.655
1.5 1.9 80.4803
1.5 2 104.941
1.5 2.1 109.858
1.5 2.2 136.62
1.5 2.3 125.832
1.5 2.4 159.69
1.5 2.5 21.2383
1.5 2.6 28.5474
1.5 2.7 51.5531
1.5 2.8 90.5412
1.5 2.9 77.6274

1.6 -3 -79.9019
1.6 -2.9 -80.1361
1.6 -2.8 -111.739
1.6 -2.7 -164.07
1.6 -2.6 -15.092
1.6 -2.5 28.2573
1.6 -2.4 15.9147
1.6 -2.3 -61.0425
1.6 -2.2 -23.8179
1.6 -2.1 12.3043
1.6 -2 -3.45982
1.6 -1.9 -0.150564
1.6 -1.8 32.8952
1.6 -1.7 14.0038
1.6 -1.6 -21.8182
1.6 -1.5 -2.53681
1.6 -1.4 4.82589
1.6 -1.3 -165.941
1.6 -1.2 -109.283
1.6 -1.1 -296.371
1.6 -1 -389.59
1.6 -0.9 -415.49
1.6 -0.8 -143.266
1.6 -0.7 -388.309
1.6 -0.6 -77.5329
1.6 -0.5 -15.978
1.6 -0.4 -46.1034
1.6 -0.3 14.4765
1.6 -0.2 85.3284
1.6 -0.1 -22.9602
1.6 0 93.1129
1.6 0.1 -28.6485
1.6 0.2 -80.4221
1.6 0.3 -53.9008
1.6 0.4 -39.6559
1.6 0.5 -92.5685
1.6 0.6 -97.1568
1.6 0.7 -51.7587
1.6 0.8 25.2535
1.6 0.9 30.1686
1.6 1 81.8423
1.6 1.1 144.038
1.6 1.2 150.709
1.6 1.3 256.533
1.6 1.4 10.7754
1.6 1.5 17.2464
1.6 1.6 238.088
1.6 1.7 162.938
1.6 1.8 67.1649
1.6 1.9 99.6318
1.6 2 62.086
1.6 2.1 61.7269
1.6 2.2 77.9038
1.6 2.3 233.734
1.6 2.4 16.174
1.6 2.5 8.45304
1.6 2.6 21.7435
1.6 2.7 50.5969
1.6 2.8 93.9676
1.6 2.9 43.1875

1.7 -3 -117.904
1.7 -2.9 -104.627
1.7 -2.8 -82.0647
1.7 -2.7 -191.98
1.7 -2.6 18.997
1.7 -2.5 19.8526
1.7 -2.4 24.692
1.7 -2.3 1.64424
1.7 -2.2 -99.4714
1.7 -2.1 -19.9432
1.7 -2 -9.57722
1.7 -1.9 12.0152
1.7 -1.8 24.6747
1.7 -1.7 25.0773
1.7 -1.6 14.8561
1.7 -1.5 -19.2509
1.7 -1.4 0.807467
1.7 -1.3 -45.194
1.7 -1.2 -126.76
1.7 -1.1 -88.2752
1.7 -1 -241.43
1.7 -0.9 -712.915
1.7 -0.8 -317.934
1.7 -0.7 -137.347
1.7 -0.6 -107.842
1.7 -0.5 -136.016
1.7 -0.4 2.91112
1.7 -0.3 20.4266
1.7 -0.2 -26.7121
1.7 -0.1 38.0728
1.7 0 20.9475
1.7 0.1 -9.75437
1.7 0.2 -17.4643
1.7 0.3 -69.8583
1.7 0.4 -33.4511
1.7 0.5 -22.2424
1.7 0.6 -77.81
1.7 0.7 31.2896
1.7 0.8 128.931
1.7 0.9 57.1427
1.7 1 201.013
1.7 1.1 101.161
1.7 1.2 163.615
1.7 1.3 136.802
1.7 1.4 15.2526
1.7 1.5 396.048
1.7 1.6 99.0914
1.7 1.7 120.114
1.7 1.8 79.0435
1.7 1.9 166.508
1.7 2 110.838
1.7 2.1 68.6065
1.7 2.2 188.154
1.7 2.3 31.8494
1.7 2.4 2.78587
1.7 2.5 7.49323
1.7 2.6 38.1571
1.7 2.7 86.0034
1.7 2.8 62.9922
1.7 2.9 68.3894

1.8 -3 -170.776
1.8 -2.9 -92.3982
1.8 -2.8 -83.4428
1.8 -2.7 -196.129
1.8 -2.6 -1.61148
1.8 -2.5 18.9129
1.8 -2.4 23.7523
1.8 -2.3 28.5918
1.8 -2.2 -149.233
1.8 -2.1 -2.52256
1.8 -2 12.6661
1.8 -1.9 -1.78762
1.8 -1.8 16.4543
1.8 -1.7 13.4018
1.8 -1.6 -9.25109
1.8 -1.5 -9.33984
1.8 -1.4 -18.5707
1.8 -1.3 -261.542
1.8 -1.2 -164.891
1.8 -1.1 -114.517
1.8 -1 -335.468
1.8 -0.9 -340.35
1.8 -0.8 1.17378
1.8 -0.7 -729.506
1.8 -0.6 -137.8
1.8 -0.5 -108.385
1.8 -0.4 -225.856
1.8 -0.3 -37.9948
1.8 -0.2 -4.45058
1.8 -0.1 -10.4916
1.8 0 -15.0917
1.8 0.1 22.3782
1.8 0.2 -33.1475
1.8 0.3 -9.78024
1.8 0.4 1.02294
1.8 0.5 5.27474
1.8 0.6 35.4722
1.8 0.7 187.182
1.8 0.8 19.2667
1.8 0.9 185.005
1.8 1 96.4484
1.8 1.1 215.033
1.8 1.2 187.933
1.8 1.3 85.0064
1.8 1.4 271.22
1.8 1.5 75.2845
1.8 1.6 68.5238
1.8 1.7 99.1205
1.8 1.8 90.922
1.8 1.9 99.2405
1.8 2 131.642
1.8 2.1 108.833
1.8 2.2 191.686
1.8 2.3 -0.917346
1.8 2.4 3.79002
1.8 2.5 8.49738
1.8 2.6 31.6745
1.8 2.7 89.6483
1.8 2.8 101.437
1.8 2.9 92.9417

1.9 -3 -99.9038
1.9 -2.9 -63.2884
1.9 -2.8 -84.821
1.9 -2.7 -200.279
1.9 -2.6 -44.5761
1.9 -2.5 17.9732
1.9 -2.4 22.8126
1.9 -2.3 27.6521
1.9 -2.2 -33.2878
1.9 -2.1 -14.0028
1.9 -2 7.60065
1.9 -1.9 19.4929
1.9 -1.8 12.3335
1.9 -1.7 15.0676
1.9 -1.6 11.0916
1.9 -1.5 -15.7689
1.9 -1.4 -21.9167
1.9 -1.3 -46.4519
1.9 -1.2 -51.7992
1.9 -1.1 -142.532
1.9 -1 -188.809
1.9 -0.9 -161.506
1.9 -0.8 -715.489
1.9 -0.7 2.87365
1.9 -0.6 -664.539
1.9 -0.5 -138.253
1.9 -0.4 -75.1773
1.9 -0.3 -75.7004
1.9 -0.2 -18.2034
1.9 -0.1 -5.35661
1.9 0 -24.3659
1.9 0.1 -10.7175
1.9 0.2 -4.12698
1.9 0.3 16.713
1.9 0.4 21.2296
1.9 0.5 42.8684
1.9 0.6 49.8591
1.9 0.7 18.3516
1.9 0.8 320.013
1.9 0.9 137.823
1.9 1 113.373
1.9 1.1 173.067
1.9 1.2 205.562
1.9 1.3 104.89
1.9 1.4 78.6783
1.9 1.5 86.5269
1.9 1.6 78.7221
1.9 1.7 199.509
1.9 1.8 76.5327
1.9 1.9 38.4753
1.9 2 54.9008
1.9 2.1 131.542
1.9 2.2 113.374
1.9 2.3 0.0868031
1.9 2.4 4.79416
1.9 2.5 9.50153
1.9 2.6 61.655
1.9 2.7 121.052
1.9 2.8 63.5773
1.9 2.9 52.3533

2 -3 -102.02
2 -2.9 -153.869
2 -2.8 -86.1991
2 -2.7 -93.809
2 -2.6 -127.525
2 -2.5 17.0335
2 -2.4 21.8729
2 -2.3 26.7124
2 -2.2 -12.0127
2 -2.1 -35.485
2 -2 1.97274
2 -1.9 11.7074
2 -1.8 1.75952
2 -1.7 -19.6699
2 -1.6 20.0715
2 -1.5 -5.27942
2 -1.4 -27.6588
2 -1.3 -23.0803
2 -1.2 3.67259
2 -1.1 -34.2592
2 -1 -42.1026
2 -0.9 -124.26
2 -0.8 -180.778
2 -0.7 -97.6869
2 -0.6 -284.923
2 -0.5 -298.481
2 -0.4 -15.22
2 -0.3 -130.148
2 -0.2 -188.445
2 -0.1 -47.1798
2 0 -13.3533
2 0.1 -11.3223
2 0.2 29.574
2 0.3 41.4706
2 0.4 66.9711
2 0.5 72.8874
2 0.6 25.3467
2 0.7 53.0485
2 0.8 196.484
2 0.9 140.366
2 1 194.843
2 1.1 271.793
2 1.2 31.2194
2 1.3 78.7351
2 1.4 74.4173
2 1.5 109.708
2 1.6 48.108
2 1.7 61.9396
2 1.8 59.5066
2 1.9 86.2181
2 2 53.6165
2 2.1 96.2138
2 2.2 57.6288
2 2.3 1.09095
2 2.4 5.79831
2 2.5 10.5057
2 2.6 107.279
2 2.7 92.9836
2 2.8 101.62
2 2.9 99.1962

2.1 -3 -104.136
2.1 -2.9 -155.814
2.1 -2.8 -58.3661
2.1 -2.7 -45.6476
2.1 -2.6 -90.3165
2.1 -2.5 -16.441
2.1 -2.4 20.9332
2.1 -2.3 25.7727
2.1 -2.2 -16.3562
2.1 -2.1 -92.1292
2.1 -2 -3.16599
2.1 -1.9 11.8523
2.1 -1.8 12.975
2.1 -1.7 14.4834
2.1 -1.6 9.55905
2.1 -1.5 2.92285
2.1 -1.4 -11.8039
2.1 -1.3 -18.6702
2.1 -1.2 -2.66549
2.1 -1.1 -1.77197
2.1 -1 -18.1536
2.1 -0.9 -191.735
2.1 -0.8 -123.84
2.1 -0.7 -69.1587
2.1 -0.6 -126.946
2.1 -0.5 -69.9425
2.1 -0.4 -126.1
2.1 -0.3 8.69505
2.1 -0.2 11.1309
2.1 -0.1 -129.73
2.1 0 -147.895
2.1 0.1 -77.8634
2.1 0.2 15.1809
2.1 0.3 17.1448
2.1 0.4 87.6646
2.1 0.5 106.992
2.1 0.6 81.6122
2.1 0.7 55.9931
2.1 0.8 49.0094
2.1 0.9 201.38
2.1 1 79.6129
2.1 1.1 16.9687
2.1 1.2 57.1111
2.1 1.3 176.04
2.1 1.4 106.921
2.1 1.5 90.7967
2.1 1.6 59.5557
2.1 1.7 58.4096
2.1 1.8 84.7782
2.1 1.9 33.9239
2.1 2 58.248
2.1 2.1 48.5171
2.1 2.2 56.3583
2.1 2.3 2.0951
2.1 2.4 6.80246
2.1 2.5 71.913
2.1 2.6 143.5
2.1 2.7 79.3362
2.1 2.8 91.0967
2.1 2.9 55.6162

2.2 -3 -133.727
2.2 -2.9 -157.759
2.2 -2.8 -57.5878
2.2 -2.7 -68.5262
2.2 -2.6 -74.7512
2.2 -2.5 -77.6744
2.2 -2.4 -15.5424
2.2 -2.3 14.7446
2.2 -2.2 -20.6997
2.2 -2.1 -134.004
2.2 -2 -8.30473
2.2 -1.9 1.46743
2.2 -1.8 -0.827874
2.2 -1.7 1.19426
2.2 -1.6 -11.3858
2.2 -1.5 20.9383
2.2 -1.4 -32.4598
2.2 -1.3 -9.18894
2.2 -1.2 -25.7628
2.2 -1.1 -4.72875
2.2 -1 0.0650479
2.2 -0.9 -38.061
2.2 -0.8 -64.4296
2.2 -0.7 -123.42
2.2 -0.6 -81.0055
2.2 -0.5 -364.054
2.2 -0.4 -72.2115
2.2 -0.3 -135.224
2.2 -0.2 -40.9173
2.2 -0.1 -38.3177
2.2 0 -76.4058
2.2 0.1 -128.025
2.2 0.2 44.5903
2.2 0.3 44.3254
2.2 0.4 43.5325
2.2 0.5 55.2733
2.2 0.6 72.4257
2.2 0.7 82.6301
2.2 0.8 118.627
2.2 0.9 167.974
2.2 1 15.6198
2.2 1.1 19.6453
2.2 1.2 170.583
2.2 1.3 104.135
2.2 1.4 79.1293
2.2 1.5 57.1718
2.2 1.6 57.3126
2.2 1.7 58.1518
2.2 1.8 61.2656
2.2 1.9 59.4803
2.2 2 49.1237
2.2 2.1 24.772
2.2 2.2 10.1519
2.2 2.3 17.703
2.2 2.4 58.0568
2.2 2.5 116.995
2.2 2.6 72.1746
2.2 2.7 60.6096
2.2 2.8 51.1444
2.2 2.9 64.6319

2.3 -3 -136.394
2.3 -2.9 -115.367
2.3 -2.8 -63.5575
2.3 -2.7 -128.904
2.3 -2.6 -49.7247
2.3 -2.5 -64.53
2.3 -2.4 -23.0242
2.3 -2.3 -8.2044
2.3 -2.2 -30.6921
2.3 -2.1 -167.142
2.3 -2 12.2677
2.3 -1.9 -6.8434
2.3 -1.8 9.50581
2.3 -1.7 11.5793
2.3 -1.6 -3.74184
2.3 -1.5 11.0755
2.3 -1.4 8.54428
2.3 -1.3 -7.08898
2.3 -1.2 -12.1773
2.3 -1.1 -50.044
2.3 -1 -15.3375
2.3 -0.9 -6.62442
2.3 -0.8 -204.557
2.3 -0.7 -178.063
2.3 -0.6 -24.7975
2.3 -0.5 -104.478
2.3 -0.4 -114.364
2.3 -0.3 -51.0761
2.3 -0.2 -45.8846
2.3 -0.1 -11.9464
2.3 0 -10.4402
2.3 0.1 -8.93397
2.3 0.2 33.6675
2.3 0.3 63.8347
2.3 0.4 43.2465
2.3 0.5 30.9693
2.3 0.6 33.4246
2.3 0.7 35.8799
2.3 0.8 18.5287
2.3 0.9 19.5678
2.3 1 77.2861
2.3 1.1 118.507
2.3 1.2 56.5783
2.3 1.3 102.335
2.3 1.4 168.951
2.3 1.5 46.4663
2.3 1.6 49.5565
2.3 1.7 38.1807
2.3 1.8 34.5984
2.3 1.9 49.0805
2.3 2 40.6428
2.3 2.1 36.3589
2.3 2.2 51.6439
2.3 2.3 108.698
2.3 2.4 45.6904
2.3 2.5 30.7483
2.3 2.6 48.0383
2.3 2.7 46.1544
2.3 2.8 90.6846
2.3 2.9 79.7342

2.4 -3 -91.4933
2.4 -2.9 -125.279
2.4 -2.8 -95.3627
2.4 -2.7 -129.336
2.4 -2.6 -26.4029
2.4 -2.5 -41.9907
2.4 -2.4 -78.2551
2.4 -2.3 -10.7852
2.4 -2.2 -35.0633
2.4 -2.1 -200.279
2.4 -2 5.84797
2.4 -1.9 -14.7453
2.4 -1.8 -0.4774
2.4 -1.7 -18.1252
2.4 -1.6 7.32878
2.4 -1.5 7.72908
2.4 -1.4 -27.2413
2.4 -1.3 11.0052
2.4 -1.2 -9.26103
2.4 -1.1 -25.7034
2.4 -1 -16.9479
2.4 -0.9 -25.1109
2.4 -0.8 -25.6038
2.4 -0.7 -280.721
2.4 -0.6 -45.6996
2.4 -0.5 25.1674
2.4 -0.4 -37.7661
2.4 -0.3 -131.392
2.4 -0.2 -101.725
2.4 -0.1 -74.35
2.4 0 -60.6038
2.4 0.1 -19.3099
2.4 0.2 -26.2453
2.4 0.3 71.2178
2.4 0.4 49.6918
2.4 0.5 38.6187
2.4 0.6 24.0158
2.4 0.7 12.999
2.4 0.8 15.1512
2.4 0.9 15.2197
2.4 1 16.3937
2.4 1.1 82.5629
2.4 1.2 66.8347
2.4 1.3 37.9149
2.4 1.4 49.5213
2.4 1.5 55.2136
2.4 1.6 31.4062
2.4 1.7 61.2692
2.4 1.8 36.7052
2.4 1.9 33.3662
2.4 2 32.9991
2.4 2.1 100.402
2.4 2.2 80.3898
2.4 2.3 28.6776
2.4 2.4 23.7273
2.4 2.5 42.3988
2.4 2.6 42.1809
2.4 2.7 50.7781
2.4 2.8 45.9419
2.4 2.9 31.636

2.5 -3 -99.1424
2.5 -2.9 -95.279
2.5 -2.8 -105.275
2.5 -2.7 -57.0117
2.5 -2.6 -32.4225
2.5 -2.5 -64.6178
2.5 -2.4 -61.0263
2.5 -2.3 -13.3659
2.5 -2.2 -74.0655
2.5 -2.1 -227.264
2.5 -2 31.5255
2.5 -1.9 18.0279
2.5 -1.8 -25.463
2.5 -1.7 -4.94276
2.5 -1.6 10.1312
2.5 -1.5 7.7929
2.5 -1.4 1.06697
2.5 -1.3 -11.1176
2.5 -1.2 13.4662
2.5 -1.1 -44.7495
2.5 -1 -9.20855
2.5 -0.9 -37.4566
2.5 -0.8 -56.6274
2.5 -0.7 -38.8824
2.5 -0.6 -122.079
2.5 -0.5 0.939046
2.5 -0.4 3.24898
2.5 -0.3 5.55891
2.5 -0.2 -41.6044
2.5 -0.1 -163.759
2.5 0 -39.5425
2.5 0.1 -11.3363
2.5 0.2 32.6316
2.5 0.3 9.59132
2.5 0.4 11.6078
2.5 0.5 13.6244
2.5 0.6 43.3461
2.5 0.7 43.4411
2.5 0.8 31.507
2.5 0.9 20.4633
2.5 1 23.2027
2.5 1.1 25.2546
2.5 1.2 40.9699
2.5 1.3 95.0505
2.5 1.4 46.6476
2.5 1.5 53.6817
2.5 1.6 32.7676
2.5 1.7 30.3735
2.5 1.8 37.4125
2.5 1.9 92.1049
2.5 2 75.3012
2.5 2.1 26.6068
2.5 2.2 21.5857
2.5 2.3 38.6432
2.5 2.4 46.686
2.5 2.5 50.3505
2.5 2.6 40.1991
2.5 2.7 46.8827
2.5 2.8 45.0373
2.5 2.9 63.4007

2.6 -3 -91.9855
2.6 -2.9 -102.523
2.6 -2.8 -115.187
2.6 -2.7 -62.9814
2.6 -2.6 -61.8225
2.6 -2.5 -65.0816
2.6 -2.4 -68.0072
2.6 -2.3 -81.1169
2.6 -2.2 -79.9634
2.6 -2.1 -191.835
2.6 -2 26.0693
2.6 -1.9 16.907
2.6 -1.8 4.84441
2.6 -1.7 -11.4471
2.6 -1.6 -0.471814
2.6 -1.5 5.78014
2.6 -1.4 -3.58753
2.6 -1.3 -10.3243
2.6 -1.2 -9.17742
2.6 -1.1 -81.2055
2.6 -1 -0.99695
2.6 -0.9 -14.3892
2.6 -0.8 -22.9363
2.6 -0.7 -54.4232
2.6 -0.6 -114.589
2.6 -0.5 -143.384
2.6 -0.4 -8.32404
2.6 -0.3 3.91474
2.6 -0.2 19.0783
2.6 -0.1 -11.1329
2.6 0 -25.0802
2.6 0.1 -201.586
2.6 0.2 -62.121
2.6 0.3 10.6169
2.6 0.4 23.7288
2.6 0.5 80.6386
2.6 0.6 33.3709
2.6 0.7 47.2544
2.6 0.8 40.5905
2.6 0.9 29.2527
2.6 1 62.247
2.6 1.1 13.7488
2.6 1.2 41.1309
2.6 1.3 46.2727
2.6 1.4 28.83
2.6 1.5 67.892
2.6 1.6 33.3199
2.6 1.7 83.8083
2.6 1.8 109.032
2.6 1.9 24.5361
2.6 2 16.0371
2.6 2.1 24.5664
2.6 2.2 29.0945
2.6 2.3 52.0812
2.6 2.4 51.2216
2.6 2.5 55.0763
2.6 2.6 40.6038
2.6 2.7 57.7473
2.6 2.8 67.8895
2.6 2.9 40.1068

2.7 -3 -99.1746
2.7 -2.9 -94.7363
2.7 -2.8 -125.098
2.7 -2.7 -95.1826
2.7 -2.6 -70.5034
2.7 -2.5 -70.277
2.7 -2.4 -37.5724
2.7 -2.3 -176.611
2.7 -2.2 -85.8613
2.7 -2.1 -124.384
2.7 -2 27.834
2.7 -1.9 25.2998
2.7 -1.8 21.7275
2.7 -1.7 14.0403
2.7 -1.6 -71.3415
2.7 -1.5 -18.4322
2.7 -1.4 -20.4447
2.7 -1.3 -4.13251
2.7 -1.2 -6.3926
2.7 -1.1 1.83553
2.7 -1 -17.1152
2.7 -0.9 0.146912
2.7 -0.8 -52.6156
2.7 -0.7 -21.5733
2.7 -0.6 -0.301693
2.7 -0.5 -46.8729
2.7 -0.4 -49.7349
2.7 -0.3 -16.6005
2.7 -0.2 -10.8981
2.7 -0.1 3.00263
2.7 0 -40.5746
2.7 0.1 -9.54563
2.7 0.2 -27.1666
2.7 0.3 9.25589
2.7 0.4 10.2263
2.7 0.5 10.8107
2.7 0.6 15.5026
2.7 0.7 30.7395
2.7 0.8 20.6747
2.7 0.9 22.4344
2.7 1 26.4212
2.7 1.1 25.5851
2.7 1.2 30.9444
2.7 1.3 57.8612
2.7 1.4 59.234
2.7 1.5 57.8642
2.7 1.6 120.184
2.7 1.7 21.9591
2.7 1.8 8.89351
2.7 1.9 12.2361
2.7 2 24.9365
2.7 2.1 42.6197
2.7 2.2 52.8484
2.7 2.3 73.2514
2.7 2.4 61.3874
2.7 2.5 44.3604
2.7 2.6 62.236
2.7 2.7 61.4158
2.7 2.8 55.0631
2.7 2.9 62.7034

2.8 -3 -81.8243
2.8 -2.9 -87.4092
2.8 -2.8 -93.9467
2.8 -2.7 -105.095
2.8 -2.6 -108.087
2.8 -2.5 -75.4723
2.8 -2.4 -41.9805
2.8 -2.3 -137.083
2.8 -2.2 -91.7592
2.8 -2.1 -140.874
2.8 -2 11.1127
2.8 -1.9 16.7055
2.8 -1.8 20.1608
2.8 -1.7 23.6162
2.8 -1.6 27.0715
2.8 -1.5 -158.432
2.8 -1.4 7.83983
2.8 -1.3 4.17323
2.8 -1.2 5.70907
2.8 -1.1 -2.46095
2.8 -1 -6.32425
2.8 -0.9 -5.95595
2.8 -0.8 -2.18131
2.8 -0.7 -41.7632
2.8 -0.6 -8.59112
2.8 -0.5 -14.4765
2.8 -0.4 -17.1415
2.8 -0.3 -24.0984
2.8 -0.2 -8.59318
2.8 -0.1 -12.1197
2.8 0 -9.68238
2.8 0.1 -16.8942
2.8 0.2 -26.8929
2.8 0.3 13.3911
2.8 0.4 13.9036
2.8 0.5 7.53043
2.8 0.6 8.33809
2.8 0.7 9.14575
2.8 0.8 53.4123
2.8 0.9 19.5815
2.8 1 24.294
2.8 1.1 29.7824
2.8 1.2 16.6676
2.8 1.3 30.4542
2.8 1.4 57.7778
2.8 1.5 119.98
2.8 1.6 3.74722
2.8 1.7 7.08977
2.8 1.8 10.4323
2.8 1.9 13.7749
2.8 2 36.7811
2.8 2.1 47.7663
2.8 2.2 70.8856
2.8 2.3 60.6891
2.8 2.4 44.4452
2.8 2.5 62.8364
2.8 2.6 43.89
2.8 2.7 66.281
2.8 2.8 78.433
2.8 2.9 65.6469

2.9 -3 -87.2763
2.9 -2.9 -94.5982
2.9 -2.8 -101.19
2.9 -2.7 -115.006
2.9 -2.6 -38.67
2.9 -2.5 -120.193
2.9 -2.4 -56.926
2.9 -2.3 -147.452
2.9 -2.2 -68.725
2.9 -2.1 -44.4952
2.9 -2 -103.395
2.9 -1.9 15.1389
2.9 -1.8 18.5942
2.9 -1.7 22.0495
2.9 -1.6 25.5048
2.9 -1.5 -10.2188
2.9 -1.4 -98.6775
2.9 -1.3 4.88892
2.9 -1.2 -25.9464
2.9 -1.1 -16.6765
2.9 -1 4.92563
2.9 -0.9 -11.3229
2.9 -0.8 -10.0178
2.9 -0.7 -22.8758
2.9 -0.6 -10.1927
2.9 -0.5 -6.29332
2.9 -0.4 -1.69974
2.9 -0.3 2.89384
2.9 -0.2 -14.3433
2.9 -0.1 0.0953447
2.9 0 1.68364
2.9 0.1 3.27193
2.9 0.2 -38.0971
2.9 0.3 8.67335
2.9 0.4 10.2286
2.9 0.5 11.7838
2.9 0.6 15.8714
2.9 0.7 15.03
2.9 0.8 11.8916
2.9 0.9 13.6392
2.9 1 15.3868
2.9 1.1 16.0306
2.9 1.2 30.0182
2.9 1.3 36.9762
2.9 1.4 77.879
2.9 1.5 34.5211
2.9 1.6 5.28604
2.9 1.7 8.6286
2.9 1.8 11.9712
2.9 1.9 15.3137
2.9 2 55.6274
2.9 2.1 63.9226
2.9 2.2 55.9214
2.9 2.3 41.5915
2.9 2.4 71.3953
2.9 2.5 50.7774
2.9 2.6 67.2112
2.9 2.7 79.3632
2.9 2.8 66.4838
2.9 2.9 97.6623

