-3 -3 -68.9099
-3 -2.9 -70.379
-3 -2.8 -71.9471
-3 -2.7 -73.7552
-3 -2.6 -75.3616
-3 -2.5 -77.3119
-3 -2.4 -78.8996
-3 -2.3 -79.7338
-3 -2.2 -81.0032
-3 -2.1 -81.9417
-3 -2 -82.306
-3 -1.9 -84.2497
-3 -1.8 -88.0898
-3 -1.7 -92.3795
-3 -1.6 -90.9789
-3 -1.5 -85.3727
-3 -1.4 -83.1649
-3 -1.3 -82.1851
-3 -1.2 -83.8026
-3 -1.1 -87.9484
-3 -1 -91.1257
-3 -0.9 -92.5515
-3 -0.8 -93.5287
-3 -0.7 -93.5606
-3 -0.6 -92.5764
-3 -0.5 -92.6381
-3 -0.4 -93.6033
-3 -0.3 -94.4969
-3 -0.2 -96.64
-3 -0.1 -98.7384
-3 0 -101.647
-3 0.1 -104.092
-3 0.2 -108.299
-3 0.3 -111.354
-3 0.4 -113.863
-3 0.5 -116.405
-3 0.6 -118.408
-3 0.7 -119.651
-3 0.8 -118.506
-3 0.9 -116.057
-3 1 -112.824
-3 1.1 -107.087
-3 1.2 -104.901
-3 1.3 -110.853
-3 1.4 -109.824
-3 1.5 -101.095
-3 1.6 -91.3797
-3 1.7 -87.7124
-3 1.8 -82.9746
-3 1.9 -79.4104
-3 2 -76.083
-3 2.1 -73.5484
-3 2.2 -72.2174
-3 2.3 -69.8923
-3 2.4 -67.3341
-3 2.5 -65.8229
-3 2.6 -64.4303
-3 2.7 -62.5275
-3 2.8 -61.0101
-3 2.9 -59.9583

-2.9 -3 -66.1871
-2.9 -2.9 -67.4321
-2.9 -2.8 -69.3142
-2.9 -2.7 -70.732
-2.9 -2.6 -72.6154
-2.9 -2.5 -73.6334
-2.9 -2.4 -75.8463
-2.9 -2.3 -77.5917
-2.9 -2.2 -78.2491
-2.9 -2.1 -79.2536
-2.9 -2 -81.4513
-2.9 -1.9 -84.7381
-2.9 -1.8 -84.3126
-2.9 -1.7 -78.4538
-2.9 -1.6 -75.7299
-2.9 -1.5 -75.7544
-2.9 -1.4 -79.2759
-2.9 -1.3 -83.3136
-2.9 -1.2 -83.7378
-2.9 -1.1 -82.2396
-2.9 -1 -80.2502
-2.9 -0.9 -79.2755
-2.9 -0.8 -79.7402
-2.9 -0.7 -77.8916
-2.9 -0.6 -76.6663
-2.9 -0.5 -75.4065
-2.9 -0.4 -75.4775
-2.9 -0.3 -76.8795
-2.9 -0.2 -79.2407
-2.9 -0.1 -83.1189
-2.9 0 -85.2027
-2.9 0.1 -88.5692
-2.9 0.2 -94.1451
-2.9 0.3 -99.0177
-2.9 0.4 -101.908
-2.9 0.5 -108.622
-2.9 0.6 -111.583
-2.9 0.7 -114.37
-2.9 0.8 -115.237
-2.9 0.9 -114.566
-2.9 1 -112.042
-2.9 1.1 -110.014
-2.9 1.2 -106.831
-2.9 1.3 -104.868
-2.9 1.4 -108.078
-2.9 1.5 -103.928
-2.9 1.6 -92.3622
-2.9 1.7 -84.6975
-2.9 1.8 -81.8342
-2.9 1.9 -77.1874
-2.9 2 -74.6049
-2.9 2.1 -72.1455
-2.9 2.2 -70.0507
-2.9 2.3 -68.1562
-2.9 2.4 -65.7159
-2.9 2.5 -63.4607
-2.9 2.6 -61.8408
-2.9 2.7 -60.2118
-2.9 2.8 -58.4134
-2.9 2.9 -57.5879

-2.8 -3 -63.1538
-2.8 -2.9 -64.9012
-2.8 -2.8 -66.1686
-2.8 -2.7 -67.6524
-2.8 -2.6 -68.7786
-2.8 -2.5 -71.1971
-2.8 -2.4 -72.7614
-2.8 -2.3 -74.1688
-2.8 -2.2 -75.9262
-2.8 -2.1 -78.9181
-2.8 -2 -80.2956
-2.8 -1.9 -76.2371
-2.8 -1.8 -72.6267
-2.8 -1.7 -72.2032
-2.8 -1.6 -76.1769
-2.8 -1.5 -81.0277
-2.8 -1.4 -80.3073
-2.8 -1.3 -75.7558
-2.8 -1.2 -71.8989
-2.8 -1.1 -69.7496
-2.8 -1 -68.0198
-2.8 -0.9 -64.4887
-2.8 -0.8 -62.1416
-2.8 -0.7 -59.8879
-2.8 -0.6 -54.7819
-2.8 -0.5 -52.6651
-2.8 -0.4 -51.9392
-2.8 -0.3 -52.5237
-2.8 -0.2 -55.1121
-2.8 -0.1 -57.6887
-2.8 0 -62.1061
-2.8 0.1 -66.6784
-2.8 0.2 -73.6113
-2.8 0.3 -79.9003
-2.8 0.4 -86.0444
-2.8 0.5 -93.4432
-2.8 0.6 -99.8685
-2.8 0.7 -107.071
-2.8 0.8 -108.073
-2.8 0.9 -110.846
-2.8 1 -110.596
-2.8 1.1 -108.878
-2.8 1.2 -108.292
-2.8 1.3 -104.701
-2.8 1.4 -102.157
-2.8 1.5 -102.815
-2.8 1.6 -95.172
-2.8 1.7 -83.9695
-2.8 1.8 -78.5585
-2.8 1.9 -75.0743
-2.8 2 -72.6697
-2.8 2.1 -70.9554
-2.8 2.2 -68.2197
-2.8 2.3 -66.0534
-2.8 2.4 -63.9708
-2.8 2.5 -61.1159
-2.8 2.6 -59.3443
-2.8 2.7 -57.5467
-2.8 2.8 -55.9878
-2.8 2.9 -55.0259

-2.7 -3 -60.7044
-2.7 -2.9 -61.9595
-2.7 -2.8 -63.0842
-2.7 -2.7 -64.4618
-2.7 -2.6 -66.6309
-2.7 -2.5 -68.3389
-2.7 -2.4 -69.1461
-2.7 -2.3 -71.3621
-2.7 -2.2 -74.3052
-2.7 -2.1 -75.7065
-2.7 -2 -71.934
-2.7 -1.9 -70.14
-2.7 -1.8 -72.2358
-2.7 -1.7 -77.8575
-2.7 -1.6 -78.7586
-2.7 -1.5 -72.6152
-2.7 -1.4 -66.3201
-2.7 -1.3 -63.4903
-2.7 -1.2 -60.5252
-2.7 -1.1 -55.0951
-2.7 -1 -49.9021
-2.7 -0.9 -44.587
-2.7 -0.8 -40.7606
-2.7 -0.7 -35.125
-2.7 -0.6 -29.5224
-2.7 -0.5 -25.5986
-2.7 -0.4 -22.6641
-2.7 -0.3 -22.8943
-2.7 -0.2 -24.6196
-2.7 -0.1 -27.3834
-2.7 0 -30.8772
-2.7 0.1 -37.1536
-2.7 0.2 -45.725
-2.7 0.3 -54.5073
-2.7 0.4 -63.0573
-2.7 0.5 -73.9632
-2.7 0.6 -84.8331
-2.7 0.7 -93.8016
-2.7 0.8 -98.9785
-2.7 0.9 -103.296
-2.7 1 -107.606
-2.7 1.1 -106.91
-2.7 1.2 -106.138
-2.7 1.3 -103.654
-2.7 1.4 -101.134
-2.7 1.5 -97.4547
-2.7 1.6 -95.4115
-2.7 1.7 -85.433
-2.7 1.8 -76.0354
-2.7 1.9 -73.2336
-2.7 2 -70.6192
-2.7 2.1 -69.2603
-2.7 2.2 -66.5379
-2.7 2.3 -63.7722
-2.7 2.4 -61.8986
-2.7 2.5 -58.8457
-2.7 2.6 -56.7767
-2.7 2.7 -54.8852
-2.7 2.8 -53.6001
-2.7 2.9 -52.4443

-2.6 -3 -58.0184
-2.6 -2.9 -58.9749
-2.6 -2.8 -60.3305
-2.6 -2.7 -62.3928
-2.6 -2.6 -63.607
-2.6 -2.5 -64.6587
-2.6 -2.4 -66.9213
-2.6 -2.3 -69.5196
-2.6 -2.2 -70.1661
-2.6 -2.1 -67.6979
-2.6 -2 -68.3147
-2.6 -1.9 -72.1875
-2.6 -1.8 -77.2785
-2.6 -1.7 -72.459
-2.6 -1.6 -63.8015
-2.6 -1.5 -59.754
-2.6 -1.4 -55.8431
-2.6 -1.3 -50.3637
-2.6 -1.2 -43.0615
-2.6 -1.1 -37.9393
-2.6 -1 -29.848
-2.6 -0.9 -22.4269
-2.6 -0.8 -14.8674
-2.6 -0.7 -7.03319
-2.6 -0.6 0.793705
-2.6 -0.5 8.20659
-2.6 -0.4 13.1971
-2.6 -0.3 14.2235
-2.6 -0.2 12.1235
-2.6 -0.1 8.75425
-2.6 0 3.77291
-2.6 0.1 -2.94385
-2.6 0.2 -12.3969
-2.6 0.3 -21.5306
-2.6 0.4 -32.4596
-2.6 0.5 -49.8796
-2.6 0.6 -63.4664
-2.6 0.7 -75.7765
-2.6 0.8 -85.7416
-2.6 0.9 -93.4805
-2.6 1 -99.6266
-2.6 1.1 -103.282
-2.6 1.2 -103.069
-2.6 1.3 -101.064
-2.6 1.4 -99.3265
-2.6 1.5 -95.4141
-2.6 1.6 -91.6698
-2.6 1.7 -86.2688
-2.6 1.8 -74.991
-2.6 1.9 -69.3413
-2.6 2 -68.4658
-2.6 2.1 -67.6141
-2.6 2.2 -65.0798
-2.6 2.3 -61.6846
-2.6 2.4 -59.5375
-2.6 2.5 -56.7094
-2.6 2.6 -54.198
-2.6 2.7 -52.1423
-2.6 2.8 -51.224
-2.6 2.9 -49.8101

-2.5 -3 -54.0818
-2.5 -2.9 -55.3372
-2.5 -2.8 -57.1835
-2.5 -2.7 -58.1042
-2.5 -2.6 -59.3067
-2.5 -2.5 -60.9812
-2.5 -2.4 -63.6551
-2.5 -2.3 -64.0016
-2.5 -2.2 -62.1336
-2.5 -2.1 -62.5614
-2.5 -2 -66.7331
-2.5 -1.9 -72.3165
-2.5 -1.8 -64.5837
-2.5 -1.7 -55.5993
-2.5 -1.6 -52.6212
-2.5 -1.5 -47.6488
-2.5 -1.4 -40.7561
-2.5 -1.3 -34.4404
-2.5 -1.2 -25.489
-2.5 -1.1 -17.7038
-2.5 -1 -7.51871
-2.5 -0.9 2.87323
-2.5 -0.8 14.2314
-2.5 -0.7 24.3413
-2.5 -0.6 32.9265
-2.5 -0.5 41.641
-2.5 -0.4 47.6403
-2.5 -0.3 51.7658
-2.5 -0.2 53.8706
-2.5 -0.1 54.4456
-2.5 0 50.9818
-2.5 0.1 39.2082
-2.5 0.2 24.9886
-2.5 0.3 14.7285
-2.5 0.4 3.09861
-2.5 0.5 -18.3864
-2.5 0.6 -34.8402
-2.5 0.7 -55.092
-2.5 0.8 -66.9761
-2.5 0.9 -79.8892
-2.5 1 -89.2824
-2.5 1.1 -95.049
-2.5 1.2 -97.4937
-2.5 1.3 -98.5554
-2.5 1.4 -96.1105
-2.5 1.5 -93.6063
-2.5 1.6 -88.3816
-2.5 1.7 -84.0024
-2.5 1.8 -75.2737
-2.5 1.9 -66.1981
-2.5 2 -66.4888
-2.5 2.1 -65.5269
-2.5 2.2 -63.1606
-2.5 2.3 -59.646
-2.5 2.4 -56.6467
-2.5 2.5 -54.2831
-2.5 2.6 -51.519
-2.5 2.7 -49.4339
-2.5 2.8 -48.6054
-2.5 2.9 -47.1515

-2.4 -3 -50.5198
-2.4 -2.9 -52.0723
-2.4 -2.8 -52.8546
-2.4 -2.7 -54.2386
-2.4 -2.6 -55.4576
-2.4 -2.5 -57.9731
-2.4 -2.4 -58.2873
-2.4 -2.3 -56.4463
-2.4 -2.2 -56.5944
-2.4 -2.1 -60.7457
-2.4 -2 -65.4066
-2.4 -1.9 -54.9294
-2.4 -1.8 -48.0574
-2.4 -1.7 -47.2916
-2.4 -1.6 -41.8597
-2.4 -1.5 -34.2333
-2.4 -1.4 -26.0103
-2.4 -1.3 -16.4375
-2.4 -1.2 -5.52969
-2.4 -1.1 5.63708
-2.4 -1 17.0745
-2.4 -0.9 27.9713
-2.4 -0.8 39.9028
-2.4 -0.7 50.6094
-2.4 -0.6 63.8814
-2.4 -0.5 77.6706
-2.4 -0.4 86.3402
-2.4 -0.3 89.3441
-2.4 -0.2 89.8708
-2.4 -0.1 90.1686
-2.4 0 85.8621
-2.4 0.1 81.2649
-2.4 0.2 72.0588
-2.4 0.3 59.0749
-2.4 0.4 37.2177
-2.4 0.5 18.3309
-2.4 0.6 -1.9656
-2.4 0.7 -25.6446
-2.4 0.8 -44.9283
-2.4 0.9 -61.4491
-2.4 1 -75.5145
-2.4 1.1 -83.448
-2.4 1.2 -89.5176
-2.4 1.3 -92.3651
-2.4 1.4 -93.1081
-2.4 1.5 -90.1653
-2.4 1.6 -85.9725
-2.4 1.7 -80.128
-2.4 1.8 -74.3806
-2.4 1.9 -64.6531
-2.4 2 -62.7133
-2.4 2.1 -63.1125
-2.4 2.2 -61.5144
-2.4 2.3 -57.6249
-2.4 2.4 -53.8316
-2.4 2.5 -51.3603
-2.4 2.6 -48.8021
-2.4 2.7 -46.479
-2.4 2.8 -45.4668
-2.4 2.9 -44.312

-2.3 -3 -47.1052
-2.3 -2.9 -47.841
-2.3 -2.8 -49.424
-2.3 -2.7 -50.2784
-2.3 -2.6 -52.3918
-2.3 -2.5 -52.6843
-2.3 -2.4 -51.1063
-2.3 -2.3 -50.859
-2.3 -2.2 -54.6182
-2.3 -2.1 -58.822
-2.3 -2 -46.6131
-2.3 -1.9 -40.7929
-2.3 -1.8 -40.6138
-2.3 -1.7 -35.4426
-2.3 -1.6 -29.3794
-2.3 -1.5 -20.4181
-2.3 -1.4 -10.2826
-2.3 -1.3 1.07504
-2.3 -1.2 14.791
-2.3 -1.1 27.9097
-2.3 -1 42.0589
-2.3 -0.9 57.8639
-2.3 -0.8 78.5752
-2.3 -0.7 87.0212
-2.3 -0.6 95.2424
-2.3 -0.5 106.809
-2.3 -0.4 113.785
-2.3 -0.3 119.484
-2.3 -0.2 123.556
-2.3 -0.1 122.974
-2.3 0 120.794
-2.3 0.1 117.528
-2.3 0.2 108.847
-2.3 0.3 96.0498
-2.3 0.4 78.7752
-2.3 0.5 55.2518
-2.3 0.6 30.7141
-2.3 0.7 10.1253
-2.3 0.8 -21.2397
-2.3 0.9 -37.6269
-2.3 1 -56.8538
-2.3 1.1 -71.4258
-2.3 1.2 -80.8051
-2.3 1.3 -85.431
-2.3 1.4 -87.7421
-2.3 1.5 -85.842
-2.3 1.6 -82.5027
-2.3 1.7 -77.3263
-2.3 1.8 -71.3667
-2.3 1.9 -63.9164
-2.3 2 -59.2286
-2.3 2.1 -60.7294
-2.3 2.2 -59.8686
-2.3 2.3 -54.9669
-2.3 2.4 -50.9527
-2.3 2.5 -48.2732
-2.3 2.6 -45.7586
-2.3 2.7 -43.2007
-2.3 2.8 -42.3925
-2.3 2.9 -41.3477

-2.2 -3 -43.1213
-2.2 -2.9 -44.8655
-2.2 -2.8 -45.082
-2.2 -2.7 -46.7128
-2.2 -2.6 -47.316
-2.2 -2.5 -46.1771
-2.2 -2.4 -45.4145
-2.2 -2.3 -48.4303
-2.2 -2.2 -53.1972
-2.2 -2.1 -39.7561
-2.2 -2 -34.6756
-2.2 -1.9 -35.7442
-2.2 -1.8 -30.7979
-2.2 -1.7 -24.4472
-2.2 -1.6 -16.1525
-2.2 -1.5 -6.40603
-2.2 -1.4 5.07297
-2.2 -1.3 19.3665
-2.2 -1.2 34.0345
-2.2 -1.1 51.1886
-2.2 -1 66.9575
-2.2 -0.9 74.1657
-2.2 -0.8 88.1752
-2.2 -0.7 103.455
-2.2 -0.6 114.693
-2.2 -0.5 124.222
-2.2 -0.4 129.13
-2.2 -0.3 133.344
-2.2 -0.2 137.713
-2.2 -0.1 139.896
-2.2 0 142.005
-2.2 0.1 139.839
-2.2 0.2 135.253
-2.2 0.3 124.096
-2.2 0.4 111.446
-2.2 0.5 91.5554
-2.2 0.6 66.7414
-2.2 0.7 39.3495
-2.2 0.8 14.4355
-2.2 0.9 -19.1168
-2.2 1 -34.5802
-2.2 1.1 -54.1612
-2.2 1.2 -69.4269
-2.2 1.3 -77.3417
-2.2 1.4 -82.2626
-2.2 1.5 -81.8021
-2.2 1.6 -79.0335
-2.2 1.7 -74.2191
-2.2 1.8 -67.8098
-2.2 1.9 -62.4757
-2.2 2 -56.5864
-2.2 2.1 -57.6542
-2.2 2.2 -57.3684
-2.2 2.3 -52.0492
-2.2 2.4 -47.6453
-2.2 2.5 -44.5585
-2.2 2.6 -42.4914
-2.2 2.7 -40.0664
-2.2 2.8 -39.2298
-2.2 2.9 -38.2334

-2.1 -3 -40.0843
-2.1 -2.9 -40.2089
-2.1 -2.8 -41.2307
-2.1 -2.7 -41.8897
-2.1 -2.6 -41.3901
-2.1 -2.5 -40.277
-2.1 -2.4 -42.538
-2.1 -2.3 -46.545
-2.1 -2.2 -34.6197
-2.1 -2.1 -29.9331
-2.1 -2 -31.9481
-2.1 -1.9 -27.4568
-2.1 -1.8 -20.8064
-2.1 -1.7 -13.9482
-2.1 -1.6 -3.73205
-2.1 -1.5 7.33378
-2.1 -1.4 20.3505
-2.1 -1.3 35.1844
-2.1 -1.2 52.28
-2.1 -1.1 61.8384
-2.1 -1 75.4706
-2.1 -0.9 93.7155
-2.1 -0.8 103.615
-2.1 -0.7 114.068
-2.1 -0.6 121.126
-2.1 -0.5 124.512
-2.1 -0.4 132.81
-2.1 -0.3 133.835
-2.1 -0.2 134.132
-2.1 -0.1 146.849
-2.1 0 152.818
-2.1 0.1 140.829
-2.1 0.2 132.508
-2.1 0.3 147.323
-2.1 0.4 126.514
-2.1 0.5 117.289
-2.1 0.6 96.9592
-2.1 0.7 70.9775
-2.1 0.8 41.2933
-2.1 0.9 12.0346
-2.1 1 -19.3077
-2.1 1.1 -37.3257
-2.1 1.2 -54.4921
-2.1 1.3 -68.4911
-2.1 1.4 -75.3178
-2.1 1.5 -75.4692
-2.1 1.6 -73.7702
-2.1 1.7 -70.2575
-2.1 1.8 -64.3196
-2.1 1.9 -59.9117
-2.1 2 -54.6863
-2.1 2.1 -53.7405
-2.1 2.2 -53.9076
-2.1 2.3 -48.6595
-2.1 2.4 -44.1086
-2.1 2.5 -40.624
-2.1 2.6 -38.799
-2.1 2.7 -36.8215
-2.1 2.8 -35.9602
-2.1 2.9 -34.9846

-2 -3 -35.7409
-2 -2.9 -36.0517
-2 -2.8 -36.9116
-2 -2.7 -36.9025
-2 -2.6 -35.7049
-2 -2.5 -36.7937
-2 -2.4 -39.7618
-2 -2.3 -30.5271
-2 -2.2 -25.8389
-2 -2.1 -28.2316
-2 -2 -25.7208
-2 -1.9 -19.0785
-2 -1.8 -12.3144
-2 -1.7 -2.78984
-2 -1.6 7.43641
-2 -1.5 19.66
-2 -1.4 33.6181
-2 -1.3 48.4614
-2 -1.2 57.5517
-2 -1.1 79.5402
-2 -1 90.918
-2 -0.9 100.801
-2 -0.8 106.851
-2 -0.7 109.932
-2 -0.6 107.243
-2 -0.5 106.028
-2 -0.4 117.027
-2 -0.3 103.678
-2 -0.2 97.7267
-2 -0.1 99.6454
-2 0 106.927
-2 0.1 118.881
-2 0.2 127.336
-2 0.3 133.861
-2 0.4 122.579
-2 0.5 131.295
-2 0.6 119.803
-2 0.7 96.144
-2 0.8 65.7316
-2 0.9 34.6299
-2 1 4.43582
-2 1.1 -21.2037
-2 1.2 -45.2283
-2 1.3 -59.2829
-2 1.4 -66.7656
-2 1.5 -69.2287
-2 1.6 -69.1616
-2 1.7 -65.8982
-2 1.8 -60.8118
-2 1.9 -56.5206
-2 2 -51.9814
-2 2.1 -49.2846
-2 2.2 -49.6511
-2 2.3 -45.0894
-2 2.4 -40.105
-2 2.5 -36.4587
-2 2.6 -34.867
-2 2.7 -33.4043
-2 2.8 -32.4625
-2 2.9 -31.7367

-1.9 -3 -31.3596
-1.9 -2.9 -32.3644
-1.9 -2.8 -32.7238
-1.9 -2.7 -31.7595
-1.9 -2.6 -31.6073
-1.9 -2.5 -34.0137
-1.9 -2.4 -28.2958
-1.9 -2.3 -22.8715
-1.9 -2.2 -24.2549
-1.9 -2.1 -24.1237
-1.9 -2 -16.998
-1.9 -1.9 -11.4448
-1.9 -1.8 -3.30135
-1.9 -1.7 6.15128
-1.9 -1.6 17.5693
-1.9 -1.5 30.2569
-1.9 -1.4 43.3954
-1.9 -1.3 53.3055
-1.9 -1.2 78.4283
-1.9 -1.1 84.7615
-1.9 -1 93.036
-1.9 -0.9 97.221
-1.9 -0.8 98.0104
-1.9 -0.7 100.354
-1.9 -0.6 81.3564
-1.9 -0.5 70.6525
-1.9 -0.4 51.0527
-1.9 -0.3 32.4785
-1.9 -0.2 15.4721
-1.9 -0.1 10.9202
-1.9 0 17.6767
-1.9 0.1 43.5617
-1.9 0.2 68.2696
-1.9 0.3 97.0417
-1.9 0.4 115.704
-1.9 0.5 122.423
-1.9 0.6 133.724
-1.9 0.7 107.647
-1.9 0.8 82.5498
-1.9 0.9 54.276
-1.9 1 21.4915
-1.9 1.1 -7.72908
-1.9 1.2 -27.8461
-1.9 1.3 -46.4817
-1.9 1.4 -59.0811
-1.9 1.5 -62.6407
-1.9 1.6 -63.1888
-1.9 1.7 -61.228
-1.9 1.8 -56.4908
-1.9 1.9 -51.9425
-1.9 2 -48.1092
-1.9 2.1 -44.9378
-1.9 2.2 -44.7168
-1.9 2.3 -41.1625
-1.9 2.4 -35.8791
-1.9 2.5 -32.015
-1.9 2.6 -30.6525
-1.9 2.7 -29.8098
-1.9 2.8 -28.8491
-1.9 2.9 -28.8035

-1.8 -3 -28.3
-1.8 -2.9 -28.4907
-1.8 -2.8 -28.1238
-1.8 -2.7 -27.1507
-1.8 -2.6 -28.4886
-1.8 -2.5 -27.2671
-1.8 -2.4 -20.707
-1.8 -2.3 -20.0059
-1.8 -2.2 -22.8446
-1.8 -2.1 -16.725
-1.8 -2 -10.2342
-1.8 -1.9 -3.67423
-1.8 -1.8 4.69489
-1.8 -1.7 14.982
-1.8 -1.6 26.1735
-1.8 -1.5 38.4617
-1.8 -1.4 49.1877
-1.8 -1.3 73.1185
-1.8 -1.2 74.6748
-1.8 -1.1 83.2101
-1.8 -1 86.3138
-1.8 -0.9 85.237
-1.8 -0.8 74.3421
-1.8 -0.7 60.3634
-1.8 -0.6 32.9726
-1.8 -0.5 -6.73704
-1.8 -0.4 -54.2591
-1.8 -0.3 -110.052
-1.8 -0.2 -131.986
-1.8 -0.1 -139.009
-1.8 0 -133.627
-1.8 0.1 -105.372
-1.8 0.2 -57.725
-1.8 0.3 9.30198
-1.8 0.4 59.6166
-1.8 0.5 99.7897
-1.8 0.6 108.945
-1.8 0.7 112.205
-1.8 0.8 96.3519
-1.8 0.9 66.3272
-1.8 1 36.4682
-1.8 1.1 6.64899
-1.8 1.2 -17.616
-1.8 1.3 -40.0466
-1.8 1.4 -50.5938
-1.8 1.5 -55.1943
-1.8 1.6 -56.3134
-1.8 1.7 -54.2444
-1.8 1.8 -50.8631
-1.8 1.9 -47.1189
-1.8 2 -43.6287
-1.8 2.1 -40.2704
-1.8 2.2 -39.2333
-1.8 2.3 -36.5766
-1.8 2.4 -31.3925
-1.8 2.5 -27.2685
-1.8 2.6 -26.6215
-1.8 2.7 -26.0856
-1.8 2.8 -25.7811
-1.8 2.9 -25.8079

-1.7 -3 -24.4516
-1.7 -2.9 -24.4635
-1.7 -2.8 -23.5962
-1.7 -2.7 -23.5913
-1.7 -2.6 -24.6301
-1.7 -2.5 -19.4491
-1.7 -2.4 -16.6878
-1.7 -2.3 -19.7525
-1.7 -2.2 -16.9697
-1.7 -2.1 -9.83045
-1.7 -2 -4.14537
-1.7 -1.9 3.54791
-1.7 -1.8 12.2799
-1.7 -1.7 22.5016
-1.7 -1.6 33.3445
-1.7 -1.5 44.1106
-1.7 -1.4 62.7485
-1.7 -1.3 63.5606
-1.7 -1.2 72.6282
-1.7 -1.1 76.037
-1.7 -1 73.2152
-1.7 -0.9 60.8127
-1.7 -0.8 50.1751
-1.7 -0.7 9.66955
-1.7 -0.6 -45.5548
-1.7 -0.5 -101.707
-1.7 -0.4 -170.62
-1.7 -0.3 -214.215
-1.7 -0.2 -233.104
-1.7 -0.1 -225.527
-1.7 0 -243.125
-1.7 0.1 -237.248
-1.7 0.2 -197.728
-1.7 0.3 -128.332
-1.7 0.4 -39.8761
-1.7 0.5 35.9431
-1.7 0.6 81.9717
-1.7 0.7 94.2094
-1.7 0.8 84.9592
-1.7 0.9 67.3969
-1.7 1 46.1448
-1.7 1.1 17.0834
-1.7 1.2 -8.24446
-1.7 1.3 -28.3098
-1.7 1.4 -39.9507
-1.7 1.5 -46.5953
-1.7 1.6 -49.2373
-1.7 1.7 -47.705
-1.7 1.8 -44.8992
-1.7 1.9 -41.6025
-1.7 2 -38.4083
-1.7 2.1 -35.1923
-1.7 2.2 -33.5707
-1.7 2.3 -31.4406
-1.7 2.4 -26.5663
-1.7 2.5 -22.2207
-1.7 2.6 -22.5178
-1.7 2.7 -22.8088
-1.7 2.8 -22.7084
-1.7 2.9 -22.7471

-1.6 -3 -20.6696
-1.6 -2.9 -20.4501
-1.6 -2.8 -19.9245
-1.6 -2.7 -20.6238
-1.6 -2.6 -19.1501
-1.6 -2.5 -14.827
-1.6 -2.4 -15.3854
-1.6 -2.3 -17.4884
-1.6 -2.2 -9.78004
-1.6 -2.1 -4.19393
-1.6 -2 1.94836
-1.6 -1.9 9.23553
-1.6 -1.8 18.1732
-1.6 -1.7 27.5296
-1.6 -1.6 38.0284
-1.6 -1.5 51.0004
-1.6 -1.4 55.0062
-1.6 -1.3 63.2183
-1.6 -1.2 66.8512
-1.6 -1.1 65.5426
-1.6 -1 54.8982
-1.6 -0.9 45.264
-1.6 -0.8 3.09007
-1.6 -0.7 -55.6865
-1.6 -0.6 -137.891
-1.6 -0.5 -186.573
-1.6 -0.4 -233.744
-1.6 -0.3 -238.852
-1.6 -0.2 -245.956
-1.6 -0.1 -237.971
-1.6 0 -259.322
-1.6 0.1 -230.869
-1.6 0.2 -229.454
-1.6 0.3 -203.723
-1.6 0.4 -143.374
-1.6 0.5 -52.5151
-1.6 0.6 28.1999
-1.6 0.7 73.8146
-1.6 0.8 77.3886
-1.6 0.9 68.9155
-1.6 1 51.0039
-1.6 1.1 23.2848
-1.6 1.2 -1.43762
-1.6 1.3 -19.3822
-1.6 1.4 -33.7753
-1.6 1.5 -39.9865
-1.6 1.6 -41.6603
-1.6 1.7 -40.7351
-1.6 1.8 -38.59
-1.6 1.9 -35.3436
-1.6 2 -32.355
-1.6 2.1 -29.6825
-1.6 2.2 -27.7884
-1.6 2.3 -25.9042
-1.6 2.4 -21.1687
-1.6 2.5 -17.0645
-1.6 2.6 -18.8808
-1.6 2.7 -19.6066
-1.6 2.8 -19.5176
-1.6 2.9 -19.4793

-1.5 -3 -16.1648
-1.5 -2.9 -16.0629
-1.5 -2.8 -15.7759
-1.5 -2.7 -16.6273
-1.5 -2.6 -13.4643
-1.5 -2.5 -11.8277
-1.5 -2.4 -13.8735
-1.5 -2.3 -11.4577
-1.5 -2.2 -3.45932
-1.5 -2.1 0.838996
-1.5 -2 6.98164
-1.5 -1.9 14.2887
-1.5 -1.8 22.3408
-1.5 -1.7 31.1249
-1.5 -1.6 40.465
-1.5 -1.5 48.8109
-1.5 -1.4 50.714
-1.5 -1.3 58.1602
-1.5 -1.2 57.6525
-1.5 -1.1 52.6255
-1.5 -1 45.9972
-1.5 -0.9 8.93077
-1.5 -0.8 -43.6962
-1.5 -0.7 -123.197
-1.5 -0.6 -169.827
-1.5 -0.5 -192.922
-1.5 -0.4 -203.523
-1.5 -0.3 -171.565
-1.5 -0.2 -130.467
-1.5 -0.1 -94.5906
-1.5 0 -93.6572
-1.5 0.1 -125.176
-1.5 0.2 -167.875
-1.5 0.3 -194.463
-1.5 0.4 -178.03
-1.5 0.5 -112.474
-1.5 0.6 -29.541
-1.5 0.7 46.8833
-1.5 0.8 63.3673
-1.5 0.9 57.8956
-1.5 1 43.4322
-1.5 1.1 22.5892
-1.5 1.2 1.22538
-1.5 1.3 -15.2567
-1.5 1.4 -28.9632
-1.5 1.5 -33.0975
-1.5 1.6 -33.7004
-1.5 1.7 -33.519
-1.5 1.8 -31.5819
-1.5 1.9 -28.3608
-1.5 2 -25.7905
-1.5 2.1 -23.745
-1.5 2.2 -21.7805
-1.5 2.3 -19.9373
-1.5 2.4 -15.4456
-1.5 2.5 -12.8786
-1.5 2.6 -15.4274
-1.5 2.7 -16.2499
-1.5 2.8 -16.2515
-1.5 2.9 -16.1863

-1.4 -3 -11.9767
-1.4 -2.9 -11.4995
-1.4 -2.8 -12.0036
-1.4 -2.7 -11.7576
-1.4 -2.6 -8.63778
-1.4 -2.5 -8.22408
-1.4 -2.4 -10.7621
-1.4 -2.3 -3.77783
-1.4 -2.2 1.36841
-1.4 -2.1 5.29497
-1.4 -2 11.0879
-1.4 -1.9 17.4893
-1.4 -1.8 24.494
-1.4 -1.7 32.2438
-1.4 -1.6 40.4935
-1.4 -1.5 41.4515
-1.4 -1.4 51.7758
-1.4 -1.3 52.1589
-1.4 -1.2 48.5448
-1.4 -1.1 39.6608
-1.4 -1 15.938
-1.4 -0.9 -20.3278
-1.4 -0.8 -76.482
-1.4 -0.7 -130.726
-1.4 -0.6 -165.351
-1.4 -0.5 -167.896
-1.4 -0.4 -119.047
-1.4 -0.3 -50.3073
-1.4 -0.2 13.7235
-1.4 -0.1 65.171
-1.4 0 79.4993
-1.4 0.1 44.2317
-1.4 0.2 -28.3997
-1.4 0.3 -103.157
-1.4 0.4 -156.065
-1.4 0.5 -137.447
-1.4 0.6 -75.4859
-1.4 0.7 5.86246
-1.4 0.8 43.9276
-1.4 0.9 42.5193
-1.4 1 37.0787
-1.4 1.1 15.6055
-1.4 1.2 0.0969502
-1.4 1.3 -12.968
-1.4 1.4 -23.4088
-1.4 1.5 -24.928
-1.4 1.6 -26.6231
-1.4 1.7 -25.9726
-1.4 1.8 -24.0653
-1.4 1.9 -20.8657
-1.4 2 -18.9135
-1.4 2.1 -17.1701
-1.4 2.2 -15.4621
-1.4 2.3 -13.6736
-1.4 2.4 -9.54335
-1.4 2.5 -9.2692
-1.4 2.6 -11.9527
-1.4 2.7 -12.8183
-1.4 2.8 -12.8196
-1.4 2.9 -12.8386

-1.3 -3 -8.04082
-1.3 -2.9 -7.56406
-1.3 -2.8 -7.90557
-1.3 -2.7 -6.37744
-1.3 -2.6 -4.11764
-1.3 -2.5 -5.05197
-1.3 -2.4 -5.12722
-1.3 -2.3 3.01228
-1.3 -2.2 5.6901
-1.3 -2.1 9.96117
-1.3 -2 14.4481
-1.3 -1.9 20.0476
-1.3 -1.8 26.1499
-1.3 -1.7 31.9848
-1.3 -1.6 37.2656
-1.3 -1.5 38.995
-1.3 -1.4 46.2869
-1.3 -1.3 44.3057
-1.3 -1.2 38.5485
-1.3 -1.1 25.8551
-1.3 -1 2.74761
-1.3 -0.9 -38.7979
-1.3 -0.8 -82.5723
-1.3 -0.7 -122.694
-1.3 -0.6 -130.32
-1.3 -0.5 -94.86
-1.3 -0.4 -29.4132
-1.3 -0.3 61.0032
-1.3 -0.2 58.8612
-1.3 -0.1 -62.6137
-1.3 0 -70.5111
-1.3 0.1 -34.4142
-1.3 0.2 73.7806
-1.3 0.3 -5.06502
-1.3 0.4 -82.6386
-1.3 0.5 -110.465
-1.3 0.6 -83.4702
-1.3 0.7 -23.3018
-1.3 0.8 17.6248
-1.3 0.9 23.2085
-1.3 1 19.5887
-1.3 1.1 4.86167
-1.3 1.2 -4.28718
-1.3 1.3 -12.8971
-1.3 1.4 -18.8008
-1.3 1.5 -17.4438
-1.3 1.6 -19.4612
-1.3 1.7 -17.9415
-1.3 1.8 -15.819
-1.3 1.9 -13.2441
-1.3 2 -11.5615
-1.3 2.1 -10.1476
-1.3 2.2 -8.77418
-1.3 2.3 -7.1913
-1.3 2.4 -4.34796
-1.3 2.5 -5.67892
-1.3 2.6 -8.44837
-1.3 2.7 -9.36882
-1.3 2.8 -9.40061
-1.3 2.9 -9.57752

-1.2 -3 -3.47902
-1.2 -2.9 -3.44948
-1.2 -2.8 -3.30666
-1.2 -2.7 -1.31954
-1.2 -2.6 -0.0172243
-1.2 -2.5 -1.92171
-1.2 -2.4 2.07042
-1.2 -2.3 7.92205
-1.2 -2.2 9.47762
-1.2 -2.1 13.2582
-1.2 -2 17.1148
-1.2 -1.9 21.8183
-1.2 -1.8 26.782
-1.2 -1.7 31.1862
-1.2 -1.6 32.9794
-1.2 -1.5 41.2152
-1.2 -1.4 39.6155
-1.2 -1.3 36.3321
-1.2 -1.2 29.4868
-1.2 -1.1 13.9184
-1.2 -1 -6.94117
-1.2 -0.9 -42.469
-1.2 -0.8 -79.1477
-1.2 -0.7 -91.4378
-1.2 -0.6 -87.8537
-1.2 -0.5 -40.9203
-1.2 -0.4 28.2932
-1.2 -0.3 24.6788
-1.2 -0.2 -45.6388
-1.2 -0.1 -133.938
-1.2 0 -79.9532
-1.2 0.1 -145.688
-1.2 0.2 -49.8682
-1.2 0.3 47.9674
-1.2 0.4 -30.5523
-1.2 0.5 -75.214
-1.2 0.6 -63.4461
-1.2 0.7 -32.1344
-1.2 0.8 -0.675728
-1.2 0.9 4.16147
-1.2 1 0.647755
-1.2 1.1 -8.40567
-1.2 1.2 -10.2608
-1.2 1.3 -13.8559
-1.2 1.4 -14.9619
-1.2 1.5 -10.355
-1.2 1.6 -12.2733
-1.2 1.7 -9.54107
-1.2 1.8 -6.9342
-1.2 1.9 -5.28498
-1.2 2 -3.73571
-1.2 2.1 -2.68897
-1.2 2.2 -1.94009
-1.2 2.3 -1.34337
-1.2 2.4 0.356171
-1.2 2.5 -2.11454
-1.2 2.6 -4.93879
-1.2 2.7 -5.78913
-1.2 2.8 -5.94016
-1.2 2.9 -6.22611

-1.1 -3 0.680574
-1.1 -2.9 0.77767
-1.1 -2.8 1.1213
-1.1 -2.7 3.19374
-1.1 -2.6 3.49034
-1.1 -2.5 1.18135
-1.1 -2.4 8.33742
-1.1 -2.3 11.3542
-1.1 -2.2 12.7585
-1.1 -2.1 15.8293
-1.1 -2 19.0758
-1.1 -1.9 22.7471
-1.1 -1.8 26.0514
-1.1 -1.7 29.0449
-1.1 -1.6 30.3434
-1.1 -1.5 38.2593
-1.1 -1.4 32.848
-1.1 -1.3 29.1819
-1.1 -1.2 22.4342
-1.1 -1.1 12.1738
-1.1 -1 -8.18137
-1.1 -0.9 -33.3613
-1.1 -0.8 -54.5807
-1.1 -0.7 -67.2023
-1.1 -0.6 -47.3903
-1.1 -0.5 -14.0447
-1.1 -0.4 30.1586
-1.1 -0.3 -20.5713
-1.1 -0.2 -50.9622
-1.1 -0.1 -11.285
-1.1 0 171.026
-1.1 0.1 44.604
-1.1 0.2 -75.0773
-1.1 0.3 1.95291
-1.1 0.4 -4.22439
-1.1 0.5 -30.5595
-1.1 0.6 -33.1361
-1.1 0.7 -24.4866
-1.1 0.8 -17.0059
-1.1 0.9 -15.666
-1.1 1 -18.9875
-1.1 1.1 -21.3374
-1.1 1.2 -17.7143
-1.1 1.3 -15.1237
-1.1 1.4 -10.9174
-1.1 1.5 -3.24051
-1.1 1.6 -4.57249
-1.1 1.7 -0.0101518
-1.1 1.8 2.14687
-1.1 1.9 2.98267
-1.1 2 4.08443
-1.1 2.1 4.66666
-1.1 2.2 4.03797
-1.1 2.3 4.3807
-1.1 2.4 4.66943
-1.1 2.5 1.42225
-1.1 2.6 -1.4135
-1.1 2.7 -2.24071
-1.1 2.8 -2.36935
-1.1 2.9 -2.82729

-1 -3 4.59661
-1 -2.9 4.75939
-1 -2.8 5.67563
-1 -2.7 7.28122
-1 -2.6 6.65508
-1 -2.5 6.39937
-1 -2.4 13.1926
-1 -2.3 14.2515
-1 -2.2 15.5007
-1 -2.1 17.7961
-1 -2 20.3589
-1 -1.9 22.8189
-1 -1.8 24.8996
-1 -1.7 26.9379
-1 -1.6 29.0092
-1 -1.5 30.1741
-1 -1.4 26.3192
-1 -1.3 23.6
-1 -1.2 17.8786
-1 -1.1 10.5782
-1 -1 -2.20184
-1 -0.9 -16.2396
-1 -0.8 -23.5848
-1 -0.7 -26.448
-1 -0.6 -21.546
-1 -0.5 -8.41983
-1 -0.4 1.09832
-1 -0.3 -2.96147
-1 -0.2 4.99784
-1 -0.1 9.3858
-1 0 -29.061
-1 0.1 -7.66066
-1 0.2 6.45351
-1 0.3 -1.21914
-1 0.4 -1.61278
-1 0.5 5.54351
-1 0.6 1.81906
-1 0.7 -12.3226
-1 0.8 -33.2331
-1 0.9 -37.4505
-1 1 -40.0099
-1 1.1 -32.1581
-1 1.2 -24.6834
-1 1.3 -15.1867
-1 1.4 -5.84999
-1 1.5 4.12489
-1 1.6 4.31573
-1 1.7 9.41635
-1 1.8 11.2322
-1 1.9 11.621
-1 2 12.1687
-1 2.1 10.8632
-1 2.2 10.3704
-1 2.3 9.59386
-1 2.4 8.64459
-1 2.5 4.93337
-1 2.6 1.98603
-1 2.7 1.39681
-1 2.8 1.24005
-1 2.9 0.504421

-0.9 -3 5.0786
-0.9 -2.9 5.10229
-0.9 -2.8 6.24962
-0.9 -2.7 7.4568
-0.9 -2.6 6.41399
-0.9 -2.5 9.84424
-0.9 -2.4 14.0578
-0.9 -2.3 13.8101
-0.9 -2.2 15.415
-0.9 -2.1 17.6657
-0.9 -2 20.1446
-0.9 -1.9 22.0812
-0.9 -1.8 24.5939
-0.9 -1.7 26.26
-0.9 -1.6 29.4976
-0.9 -1.5 25.3639
-0.9 -1.4 24.0199
-0.9 -1.3 20.294
-0.9 -1.2 15.3842
-0.9 -1.1 7.40504
-0.9 -1 -4.45168
-0.9 -0.9 -17.6786
-0.9 -0.8 -22.9146
-0.9 -0.7 -21.5478
-0.9 -0.6 -17.0012
-0.9 -0.5 -7.94847
-0.9 -0.4 0.455761
-0.9 -0.3 -3.82411
-0.9 -0.2 2.3563
-0.9 -0.1 2.08389
-0.9 0 -26.111
-0.9 0.1 -3.21901
-0.9 0.2 8.85107
-0.9 0.3 -1.96283
-0.9 0.4 -2.24617
-0.9 0.5 4.9501
-0.9 0.6 -4.6399
-0.9 0.7 -16.0243
-0.9 0.8 -32.9505
-0.9 0.9 -40.342
-0.9 1 -38.0798
-0.9 1.1 -28.6396
-0.9 1.2 -23.6404
-0.9 1.3 -13.3858
-0.9 1.4 -3.79588
-0.9 1.5 2.94878
-0.9 1.6 7.22738
-0.9 1.7 11.2729
-0.9 1.8 12.7717
-0.9 1.9 13.629
-0.9 2 12.3912
-0.9 2.1 11.2159
-0.9 2.2 10.6204
-0.9 2.3 9.42633
-0.9 2.4 7.59966
-0.9 2.5 4.0512
-0.9 2.6 1.76098
-0.9 2.7 1.86939
-0.9 2.8 1.63783
-0.9 2.9 0.49899

-0.8 -3 5.35777
-0.8 -2.9 5.56972
-0.8 -2.8 6.7441
-0.8 -2.7 7.59105
-0.8 -2.6 6.61779
-0.8 -2.5 11.8445
-0.8 -2.4 14.0324
-0.8 -2.3 13.2876
-0.8 -2.2 15.4149
-0.8 -2.1 17.4856
-0.8 -2 19.6986
-0.8 -1.9 21.9222
-0.8 -1.8 23.99
-0.8 -1.7 25.9353
-0.8 -1.6 27.9955
-0.8 -1.5 22.3268
-0.8 -1.4 21.9593
-0.8 -1.3 18.7369
-0.8 -1.2 13.0952
-0.8 -1.1 4.56973
-0.8 -1 -6.73636
-0.8 -0.9 -17.3396
-0.8 -0.8 -25.4945
-0.8 -0.7 -26.8261
-0.8 -0.6 -18.7951
-0.8 -0.5 -7.99851
-0.8 -0.4 -1.11533
-0.8 -0.3 -4.94337
-0.8 -0.2 -0.957609
-0.8 -0.1 -5.35662
-0.8 0 -23.161
-0.8 0.1 -1.13338
-0.8 0.2 10.2346
-0.8 0.3 -3.09076
-0.8 0.4 -1.20802
-0.8 0.5 2.92549
-0.8 0.6 -1.14182
-0.8 0.7 -19.8979
-0.8 0.8 -33.0899
-0.8 0.9 -41.2802
-0.8 1 -36.8431
-0.8 1.1 -28.4609
-0.8 1.2 -22.2072
-0.8 1.3 -11.376
-0.8 1.4 -2.3124
-0.8 1.5 1.72716
-0.8 1.6 10.8422
-0.8 1.7 12.4541
-0.8 1.8 14.0181
-0.8 1.9 14.1766
-0.8 2 12.676
-0.8 2.1 11.9038
-0.8 2.2 10.4742
-0.8 2.3 9.00068
-0.8 2.4 6.605
-0.8 2.5 3.15483
-0.8 2.6 2.03702
-0.8 2.7 2.54203
-0.8 2.8 2.12183
-0.8 2.9 0.714093

-0.7 -3 5.32217
-0.7 -2.9 5.76244
-0.7 -2.8 7.29237
-0.7 -2.7 7.55644
-0.7 -2.6 7.75611
-0.7 -2.5 12.5858
-0.7 -2.4 13.3167
-0.7 -2.3 12.7
-0.7 -2.2 15.2373
-0.7 -2.1 17.1379
-0.7 -2 19.4769
-0.7 -1.9 21.7913
-0.7 -1.8 23.5773
-0.7 -1.7 24.7648
-0.7 -1.6 25.172
-0.7 -1.5 20.736
-0.7 -1.4 21.1494
-0.7 -1.3 17.488
-0.7 -1.2 10.8316
-0.7 -1.1 1.29462
-0.7 -1 -10.3426
-0.7 -0.9 -19.6262
-0.7 -0.8 -28.3623
-0.7 -0.7 -31.8144
-0.7 -0.6 -21.7065
-0.7 -0.5 -7.62504
-0.7 -0.4 -1.55952
-0.7 -0.3 -7.27892
-0.7 -0.2 -4.5609
-0.7 -0.1 -11.3442
-0.7 0 -20.211
-0.7 0.1 -1.52851
-0.7 0.2 10.4499
-0.7 0.3 -4.12328
-0.7 0.4 -1.81589
-0.7 0.5 3.48033
-0.7 0.6 -2.27191
-0.7 0.7 -19.936
-0.7 0.8 -33.7845
-0.7 0.9 -37.2273
-0.7 1 -34.7892
-0.7 1.1 -30.4385
-0.7 1.2 -19.4119
-0.7 1.3 -9.44863
-0.7 1.4 -1.01069
-0.7 1.5 2.11229
-0.7 1.6 13.2984
-0.7 1.7 14.0487
-0.7 1.8 14.1127
-0.7 1.9 13.7222
-0.7 2 12.9759
-0.7 2.1 11.4949
-0.7 2.2 10.4733
-0.7 2.3 8.28428
-0.7 2.4 5.73413
-0.7 2.5 2.96348
-0.7 2.6 2.79738
-0.7 2.7 3.33668
-0.7 2.8 2.4065
-0.7 2.9 0.858865

-0.6 -3 5.30268
-0.6 -2.9 6.1968
-0.6 -2.8 7.43964
-0.6 -2.7 7.37221
-0.6 -2.6 9.28054
-0.6 -2.5 12.6335
-0.6 -2.4 12.1365
-0.6 -2.3 12.3645
-0.6 -2.2 14.914
-0.6 -2.1 17.1781
-0.6 -2 19.268
-0.6 -1.9 21.7152
-0.6 -1.8 23.0098
-0.6 -1.7 23.9586
-0.6 -1.6 22.4889
-0.6 -1.5 21.058
-0.6 -1.4 19.9541
-0.6 -1.3 15.1094
-0.6 -1.2 8.83955
-0.6 -1.1 -1.37449
-0.6 -1 -12.9786
-0.6 -0.9 -24.3544
-0.6 -0.8 -30.6686
-0.6 -0.7 -26.2395
-0.6 -0.6 -18.1013
-0.6 -0.5 -6.64003
-0.6 -0.4 -3.14842
-0.6 -0.3 -7.72051
-0.6 -0.2 -8.01564
-0.6 -0.1 -13.3436
-0.6 0 -17.261
-0.6 0.1 -4.38072
-0.6 0.2 9.51358
-0.6 0.3 -5.34293
-0.6 0.4 -1.12652
-0.6 0.5 1.66863
-0.6 0.6 -8.77251
-0.6 0.7 -19.4665
-0.6 0.8 -36.8678
-0.6 0.9 -35.4991
-0.6 1 -34.4023
-0.6 1.1 -31.7492
-0.6 1.2 -17.2548
-0.6 1.3 -7.54641
-0.6 1.4 0.0120121
-0.6 1.5 4.43603
-0.6 1.6 13.7556
-0.6 1.7 14.1658
-0.6 1.8 14.7311
-0.6 1.9 13.536
-0.6 2 13.2135
-0.6 2.1 11.1921
-0.6 2.2 9.86528
-0.6 2.3 7.83483
-0.6 2.4 5.23954
-0.6 2.5 3.26064
-0.6 2.6 4.0084
-0.6 2.7 4.12758
-0.6 2.8 2.71855
-0.6 2.9 0.757766

-0.5 -3 5.7428
-0.5 -2.9 6.49746
-0.5 -2.8 7.57901
-0.5 -2.7 7.40974
-0.5 -2.6 10.0696
-0.5 -2.5 12.1255
-0.5 -2.4 10.7068
-0.5 -2.3 12.0139
-0.5 -2.2 14.9924
-0.5 -2.1 17.0652
-0.5 -2 19.2246
-0.5 -1.9 20.8589
-0.5 -1.8 22.1445
-0.5 -1.7 22.7308
-0.5 -1.6 20.8351
-0.5 -1.5 22.9225
-0.5 -1.4 19.529
-0.5 -1.3 14.0516
-0.5 -1.2 6.88103
-0.5 -1.1 -4.05904
-0.5 -1 -15.8516
-0.5 -0.9 -28.2224
-0.5 -0.8 -29.0205
-0.5 -0.7 -25.7677
-0.5 -0.6 -17.9967
-0.5 -0.5 -6.94913
-0.5 -0.4 -3.2883
-0.5 -0.3 -8.41044
-0.5 -0.2 -10.8749
-0.5 -0.1 -10.2366
-0.5 0 -14.311
-0.5 0.1 -8.64187
-0.5 0.2 7.60472
-0.5 0.3 -7.03765
-0.5 0.4 -1.6731
-0.5 0.5 2.00839
-0.5 0.6 -6.24982
-0.5 0.7 -23.008
-0.5 0.8 -35.8414
-0.5 0.9 -37.372
-0.5 1 -35.2107
-0.5 1.1 -26.6265
-0.5 1.2 -15.6521
-0.5 1.3 -6.16116
-0.5 1.4 1.83197
-0.5 1.5 9.74559
-0.5 1.6 12.3735
-0.5 1.7 14.1003
-0.5 1.8 14.6184
-0.5 1.9 13.6338
-0.5 2 12.8911
-0.5 2.1 11.356
-0.5 2.2 9.52307
-0.5 2.3 7.42193
-0.5 2.4 5.20907
-0.5 2.5 4.04571
-0.5 2.6 5.48517
-0.5 2.7 4.76446
-0.5 2.8 2.60478
-0.5 2.9 0.831972

-0.4 -3 5.73966
-0.4 -2.9 6.47924
-0.4 -2.8 7.31339
-0.4 -2.7 7.38656
-0.4 -2.6 10.1373
-0.4 -2.5 11.1842
-0.4 -2.4 9.38986
-0.4 -2.3 12.3558
-0.4 -2.2 14.926
-0.4 -2.1 16.8897
-0.4 -2 19.0771
-0.4 -1.9 20.4916
-0.4 -1.8 21.9687
-0.4 -1.7 22.6277
-0.4 -1.6 20.4089
-0.4 -1.5 24.4724
-0.4 -1.4 18.2104
-0.4 -1.3 12.8775
-0.4 -1.2 5.08772
-0.4 -1.1 -4.77375
-0.4 -1 -16.9904
-0.4 -0.9 -26.8644
-0.4 -0.8 -30.8917
-0.4 -0.7 -31.2817
-0.4 -0.6 -20.2369
-0.4 -0.5 -6.27022
-0.4 -0.4 -4.67766
-0.4 -0.3 -10.4178
-0.4 -0.2 -12.7479
-0.4 -0.1 -5.12639
-0.4 0 -11.361
-0.4 0.1 -12.0727
-0.4 0.2 4.99095
-0.4 0.3 -7.52858
-0.4 0.4 -1.41883
-0.4 0.5 1.63368
-0.4 0.6 -6.27961
-0.4 0.7 -26.6807
-0.4 0.8 -35.1607
-0.4 0.9 -39.4694
-0.4 1 -32.8706
-0.4 1.1 -22.1274
-0.4 1.2 -13.8924
-0.4 1.3 -4.42967
-0.4 1.4 4.15209
-0.4 1.5 14.284
-0.4 1.6 11.5668
-0.4 1.7 14.5238
-0.4 1.8 14.5373
-0.4 1.9 14.7987
-0.4 2 12.6733
-0.4 2.1 11.5352
-0.4 2.2 9.5954
-0.4 2.3 7.51214
-0.4 2.4 5.6268
-0.4 2.5 5.37653
-0.4 2.6 6.65364
-0.4 2.7 4.77444
-0.4 2.8 2.54852
-0.4 2.9 0.816203

-0.3 -3 5.42177
-0.3 -2.9 6.44062
-0.3 -2.8 6.98846
-0.3 -2.7 7.27855
-0.3 -2.6 9.68318
-0.3 -2.5 9.60582
-0.3 -2.4 8.67297
-0.3 -2.3 12.7378
-0.3 -2.2 15.0148
-0.3 -2.1 17.277
-0.3 -2 19.1452
-0.3 -1.9 20.7326
-0.3 -1.8 22.1436
-0.3 -1.7 22.0362
-0.3 -1.6 21.0166
-0.3 -1.5 23.5837
-0.3 -1.4 16.7459
-0.3 -1.3 10.7501
-0.3 -1.2 2.89504
-0.3 -1.1 -5.78303
-0.3 -1 -18.692
-0.3 -0.9 -26.3946
-0.3 -0.8 -33.159
-0.3 -0.7 -31.4725
-0.3 -0.6 -17.7223
-0.3 -0.5 -5.24941
-0.3 -0.4 -4.4544
-0.3 -0.3 -10.1012
-0.3 -0.2 -13.4579
-0.3 -0.1 -1.68651
-0.3 0 -8.41098
-0.3 0.1 -13.2223
-0.3 0.2 1.95396
-0.3 0.3 -8.60431
-0.3 0.4 -1.85924
-0.3 0.5 -0.968906
-0.3 0.6 -12.4735
-0.3 0.7 -25.4713
-0.3 0.8 -35.0153
-0.3 0.9 -36.4641
-0.3 1 -31.152
-0.3 1.1 -20.1245
-0.3 1.2 -12.1586
-0.3 1.3 -1.63759
-0.3 1.4 6.16114
-0.3 1.5 15.5695
-0.3 1.6 11.4789
-0.3 1.7 14.7733
-0.3 1.8 15.3763
-0.3 1.9 14.798
-0.3 2 12.9817
-0.3 2.1 11.3223
-0.3 2.2 9.51159
-0.3 2.3 7.87888
-0.3 2.4 6.48322
-0.3 2.5 7.44497
-0.3 2.6 7.04972
-0.3 2.7 4.45866
-0.3 2.8 2.08522
-0.3 2.9 0.582782

-0.2 -3 5.25354
-0.2 -2.9 6.15599
-0.2 -2.8 6.35115
-0.2 -2.7 6.90895
-0.2 -2.6 8.97534
-0.2 -2.5 8.77006
-0.2 -2.4 8.96352
-0.2 -2.3 13.7242
-0.2 -2.2 15.4304
-0.2 -2.1 17.4817
-0.2 -2 19.138
-0.2 -1.9 21.0049
-0.2 -1.8 21.8236
-0.2 -1.7 22.4044
-0.2 -1.6 22.5552
-0.2 -1.5 19.6769
-0.2 -1.4 14.6617
-0.2 -1.3 8.73786
-0.2 -1.2 0.985097
-0.2 -1.1 -8.5489
-0.2 -1 -22.3097
-0.2 -0.9 -29.7827
-0.2 -0.8 -35.064
-0.2 -0.7 -26.1059
-0.2 -0.6 -15.9617
-0.2 -0.5 -4.8185
-0.2 -0.4 -5.44672
-0.2 -0.3 -10.0999
-0.2 -0.2 -12.947
-0.2 -0.1 -0.78598
-0.2 0 -5.46098
-0.2 0.1 -11.8957
-0.2 0.2 -1.24846
-0.2 0.3 -10.2568
-0.2 0.4 -2.06814
-0.2 0.5 -0.859328
-0.2 0.6 -11.1243
-0.2 0.7 -24.9331
-0.2 0.8 -37.7304
-0.2 0.9 -32.9632
-0.2 1 -28.6297
-0.2 1.1 -20.0295
-0.2 1.2 -9.98611
-0.2 1.3 -0.0915793
-0.2 1.4 8.13389
-0.2 1.5 13.9511
-0.2 1.6 12.4243
-0.2 1.7 15.9339
-0.2 1.8 16.082
-0.2 1.9 14.6842
-0.2 2 13.4768
-0.2 2.1 11.7945
-0.2 2.2 10.0666
-0.2 2.3 8.80985
-0.2 2.4 7.95682
-0.2 2.5 9.16947
-0.2 2.6 6.48382
-0.2 2.7 3.79735
-0.2 2.8 1.6354
-0.2 2.9 0.481091

-0.1 -3 5.17148
-0.1 -2.9 5.78082
-0.1 -2.8 5.92948
-0.1 -2.7 6.98754
-0.1 -2.6 8.59614
-0.1 -2.5 8.28328
-0.1 -2.4 9.97211
-0.1 -2.3 14.4232
-0.1 -2.2 15.6353
-0.1 -2.1 17.5679
-0.1 -2 19.3203
-0.1 -1.9 21.2854
-0.1 -1.8 21.8045
-0.1 -1.7 21.6562
-0.1 -1.6 22.8243
-0.1 -1.5 16.0143
-0.1 -1.4 12.6535
-0.1 -1.3 7.18985
-0.1 -1.2 -1.15346
-0.1 -1.1 -12.7387
-0.1 -1 -24.5411
-0.1 -0.9 -35.2927
-0.1 -0.8 -32.6007
-0.1 -0.7 -27.5873
-0.1 -0.6 -17.2317
-0.1 -0.5 -2.66221
-0.1 -0.4 -4.96388
-0.1 -0.3 -11.4598
-0.1 -0.2 -11.2848
-0.1 -0.1 -2.35271
-0.1 0 -2.51098
-0.1 0.1 -8.086
-0.1 0.2 -4.37471
-0.1 0.3 -9.90184
-0.1 0.4 -2.33677
-0.1 0.5 -2.66007
-0.1 0.6 -10.0573
-0.1 0.7 -28.2162
-0.1 0.8 -36.0453
-0.1 0.9 -32.5812
-0.1 1 -27.6366
-0.1 1.1 -20.8157
-0.1 1.2 -7.61904
-0.1 1.3 1.5527
-0.1 1.4 9.00798
-0.1 1.5 11.5063
-0.1 1.6 15.4936
-0.1 1.7 16.9734
-0.1 1.8 16.5175
-0.1 1.9 15.1313
-0.1 2 14.0947
-0.1 2.1 12.9288
-0.1 2.2 11.0159
-0.1 2.3 9.7151
-0.1 2.4 9.01431
-0.1 2.5 8.46179
-0.1 2.6 5.89402
-0.1 2.7 3.12484
-0.1 2.8 1.23428
-0.1 2.9 0.31546

0 -3 4.99759
0 -2.9 5.66643
0 -2.8 5.66674
0 -2.7 7.05932
0 -2.6 8.47764
0 -2.5 7.89619
0 -2.4 11.4883
0 -2.3 14.8592
0 -2.2 15.7116
0 -2.1 17.4969
0 -2 19.5323
0 -1.9 20.1632
0 -1.8 21.2724
0 -1.7 21.174
0 -1.6 21.3234
0 -1.5 13.7365
0 -1.4 11.5278
0 -1.3 5.29168
0 -1.2 -3.16706
0 -1.1 -17.4719
0 -1 -27.1952
0 -0.9 -34.7602
0 -0.8 -33.6597
0 -0.7 -30.7553
0 -0.6 -15.8675
0 -0.5 -2.39899
0 -0.4 -5.46982
0 -0.3 -10.4144
0 -0.2 -8.66543
0 -0.1 -6.08743
0 0 0.439021
0 0.1 -2.625
0 0.2 -7.15804
0 0.3 -10.4099
0 0.4 -2.91549
0 0.5 -2.90427
0 0.6 -15.5176
0 0.7 -31.3525
0 0.8 -34.6178
0 0.9 -34.4796
0 1 -27.5093
0 1.1 -17.6739
0 1.2 -5.60423
0 1.3 3.66547
0 1.4 10.0138
0 1.5 10.6178
0 1.6 19.385
0 1.7 18.607
0 1.8 17.7822
0 1.9 16.2026
0 2 14.9675
0 2.1 13.0607
0 2.2 11.2269
0 2.3 10.3389
0 2.4 9.3555
0 2.5 7.67125
0 2.6 5.13937
0 2.7 2.50475
0 2.8 0.952667
0 2.9 0.178987

0.1 -3 4.68076
0.1 -2.9 5.34321
0.1 -2.8 5.35588
0.1 -2.7 7.11425
0.1 -2.6 8.37593
0.1 -2.5 7.63622
0.1 -2.4 13.0139
0.1 -2.3 14.7675
0.1 -2.2 15.8406
0.1 -2.1 17.5766
0.1 -2 19.0595
0.1 -1.9 19.7238
0.1 -1.8 20.3916
0.1 -1.7 19.9654
0.1 -1.6 18.5696
0.1 -1.5 12.7795
0.1 -1.4 10.0454
0.1 -1.3 3.44448
0.1 -1.2 -5.46601
0.1 -1.1 -19.2207
0.1 -1 -27.0982
0.1 -0.9 -32.0954
0.1 -0.8 -35.2063
0.1 -0.7 -26.7991
0.1 -0.6 -12.7471
0.1 -0.5 -1.9832
0.1 -0.4 -4.86825
0.1 -0.3 -9.66877
0.1 -0.2 -5.37625
0.1 -0.1 -10.3287
0.1 0 3.38902
0.1 0.1 2.31469
0.1 0.2 -9.29751
0.1 0.3 -11.5746
0.1 0.4 -2.90282
0.1 0.5 -2.90659
0.1 0.6 -15.5216
0.1 0.7 -28.0058
0.1 0.8 -33.6534
0.1 0.9 -34.2074
0.1 1 -24.8606
0.1 1.1 -13.6205
0.1 1.2 -3.86579
0.1 1.3 4.95991
0.1 1.4 10.6748
0.1 1.5 11.964
0.1 1.6 21.9313
0.1 1.7 19.3817
0.1 1.8 18.779
0.1 1.9 17.7297
0.1 2 14.942
0.1 2.1 13.01
0.1 2.2 11.7294
0.1 2.3 10.3435
0.1 2.4 9.06353
0.1 2.5 6.88634
0.1 2.6 4.25945
0.1 2.7 1.91475
0.1 2.8 0.7308
0.1 2.9 0.239747

0.2 -3 4.62255
0.2 -2.9 4.96492
0.2 -2.8 5.49526
0.2 -2.7 7.32757
0.2 -2.6 8.17068
0.2 -2.5 7.78055
0.2 -2.4 14.0074
0.2 -2.3 14.2995
0.2 -2.2 15.5056
0.2 -2.1 17.1303
0.2 -2 18.4473
0.2 -1.9 19.4226
0.2 -1.8 19.7533
0.2 -1.7 19.0646
0.2 -1.6 15.8913
0.2 -1.5 13.2649
0.2 -1.4 9.04175
0.2 -1.3 1.9411
0.2 -1.2 -7.94739
0.2 -1.1 -16.7082
0.2 -1 -28.0326
0.2 -0.9 -32.877
0.2 -0.8 -36.5553
0.2 -0.7 -24.3267
0.2 -0.6 -12.8541
0.2 -0.5 -0.248091
0.2 -0.4 -4.9169
0.2 -0.3 -10.1981
0.2 -0.2 -1.72036
0.2 -0.1 -12.9064
0.2 0 6.33902
0.2 0.1 5.06928
0.2 0.2 -10.5078
0.2 0.3 -10.447
0.2 0.4 -3.63287
0.2 0.5 -5.30047
0.2 0.6 -13.4697
0.2 0.7 -27.6717
0.2 0.8 -35.7466
0.2 0.9 -29.3484
0.2 1 -22.7033
0.2 1.1 -11.0356
0.2 1.2 -1.80237
0.2 1.3 6.40187
0.2 1.4 12.6196
0.2 1.5 16.3112
0.2 1.6 22.0632
0.2 1.7 20.2652
0.2 1.8 18.4622
0.2 1.9 17.0775
0.2 2 14.9648
0.2 2.1 13.3083
0.2 2.2 11.8012
0.2 2.3 10.2313
0.2 2.4 8.40898
0.2 2.5 6.10965
0.2 2.6 3.33987
0.2 2.7 1.42528
0.2 2.8 0.654636
0.2 2.9 0.0976838

0.3 -3 4.61545
0.3 -2.9 4.97833
0.3 -2.8 5.48489
0.3 -2.7 7.54485
0.3 -2.6 7.99433
0.3 -2.5 9.99444
0.3 -2.4 14.2239
0.3 -2.3 13.6709
0.3 -2.2 15.3285
0.3 -2.1 16.5887
0.3 -2 18.0179
0.3 -1.9 19.1941
0.3 -1.8 19.0701
0.3 -1.7 17.7657
0.3 -1.6 14.0959
0.3 -1.5 14.4482
0.3 -1.4 7.57179
0.3 -1.3 0.174729
0.3 -1.2 -9.60668
0.3 -1.1 -17.161
0.3 -1 -31.2802
0.3 -0.9 -36.997
0.3 -0.8 -33.4808
0.3 -0.7 -25.7127
0.3 -0.6 -12.6507
0.3 -0.5 -0.0842618
0.3 -0.4 -4.38528
0.3 -0.3 -8.60557
0.3 -0.2 2.03339
0.3 -0.1 -12.9911
0.3 0 9.28902
0.3 0.1 5.33714
0.3 0.2 -10.5969
0.3 0.3 -10.268
0.3 0.4 -3.23167
0.3 0.5 -5.43997
0.3 0.6 -17.7079
0.3 0.7 -33.0391
0.3 0.8 -33.5769
0.3 0.9 -26.7421
0.3 1 -19.9047
0.3 1.1 -9.58233
0.3 1.2 0.495479
0.3 1.3 9.16671
0.3 1.4 15.2776
0.3 1.5 22.4851
0.3 1.6 19.824
0.3 1.7 19.5015
0.3 1.8 18.6636
0.3 1.9 16.4992
0.3 2 15.0353
0.3 2.1 13.382
0.3 2.2 11.4973
0.3 2.3 9.52248
0.3 2.4 7.61306
0.3 2.5 5.32976
0.3 2.6 2.47655
0.3 2.7 1.12201
0.3 2.8 0.667779
0.3 2.9 0.00142632

0.4 -3 4.52396
0.4 -2.9 4.84409
0.4 -2.8 5.86209
0.4 -2.7 7.89855
0.4 -2.6 8.08021
0.4 -2.5 12.0648
0.4 -2.4 13.7993
0.4 -2.3 13.0898
0.4 -2.2 15.1487
0.4 -2.1 16.5086
0.4 -2 17.6423
0.4 -1.9 18.749
0.4 -1.8 17.9922
0.4 -1.7 17.0836
0.4 -1.6 13.2555
0.4 -1.5 14.29
0.4 -1.4 5.96297
0.4 -1.3 -1.76943
0.4 -1.2 -10.9428
0.4 -1.1 -21.0117
0.4 -1 -32.9199
0.4 -0.9 -39.7788
0.4 -0.8 -33.6703
0.4 -0.7 -25.9829
0.4 -0.6 -8.46956
0.4 -0.5 2.41894
0.4 -0.4 -4.026
0.4 -0.3 -7.21837
0.4 -0.2 5.64127
0.4 -0.1 -10.592
0.4 0 12.239
0.4 0.1 2.97843
0.4 0.2 -9.52199
0.4 0.3 -10.6967
0.4 0.4 -3.88873
0.4 0.5 -6.72315
0.4 0.6 -19.1923
0.4 0.7 -32.1656
0.4 0.8 -31.5643
0.4 0.9 -27.2323
0.4 1 -18.2941
0.4 1.1 -8.20187
0.4 1.2 3.22148
0.4 1.3 11.4155
0.4 1.4 17.0173
0.4 1.5 25.0627
0.4 1.6 18.2865
0.4 1.7 19.5738
0.4 1.8 18.2904
0.4 1.9 16.2108
0.4 2 15.058
0.4 2.1 12.6492
0.4 2.2 11.2786
0.4 2.3 8.9494
0.4 2.4 6.89072
0.4 2.5 4.37478
0.4 2.6 1.94932
0.4 2.7 1.07935
0.4 2.8 0.829662
0.4 2.9 0.231879

0.5 -3 4.36528
0.5 -2.9 4.82051
0.5 -2.8 6.44067
0.5 -2.7 8.26491
0.5 -2.6 8.34551
0.5 -2.5 12.6017
0.5 -2.4 12.9272
0.5 -2.3 12.6328
0.5 -2.2 14.7341
0.5 -2.1 16.3453
0.5 -2 17.4357
0.5 -1.9 17.4341
0.5 -1.8 17.5803
0.5 -1.7 16.3792
0.5 -1.6 13.2564
0.5 -1.5 11.9813
0.5 -1.4 4.32216
0.5 -1.3 -3.1676
0.5 -1.2 -12.7611
0.5 -1.1 -26.6824
0.5 -1 -35.1269
0.5 -0.9 -36.5683
0.5 -0.8 -34.4056
0.5 -0.7 -21.9586
0.5 -0.6 -7.34416
0.5 -0.5 3.09694
0.5 -0.4 -3.67482
0.5 -0.3 -6.95318
0.5 -0.2 8.84337
0.5 -0.1 -5.90638
0.5 0 15.189
0.5 0.1 -1.86629
0.5 0.2 -7.42916
0.5 0.3 -9.09865
0.5 0.4 -3.09898
0.5 0.5 -7.16005
0.5 0.6 -16.3674
0.5 0.7 -27.2949
0.5 0.8 -29.889
0.5 0.9 -27.741
0.5 1 -17.1088
0.5 1.1 -5.3983
0.5 1.2 4.82647
0.5 1.3 12.3896
0.5 1.4 18.7155
0.5 1.5 23.7111
0.5 1.6 17.6528
0.5 1.7 19.2718
0.5 1.8 17.9305
0.5 1.9 16.4223
0.5 2 14.6138
0.5 2.1 12.3033
0.5 2.2 10.6057
0.5 2.3 8.17233
0.5 2.4 6.24589
0.5 2.5 3.58672
0.5 2.6 1.84242
0.5 2.7 1.39433
0.5 2.8 1.13677
0.5 2.9 0.129768

0.6 -3 4.82378
0.6 -2.9 5.43471
0.6 -2.8 7.06236
0.6 -2.7 8.40311
0.6 -2.6 9.06831
0.6 -2.5 12.5471
0.6 -2.4 11.8056
0.6 -2.3 12.4617
0.6 -2.2 14.789
0.6 -2.1 16.0716
0.6 -2 17.2095
0.6 -1.9 17.4201
0.6 -1.8 17.5197
0.6 -1.7 15.9825
0.6 -1.6 14.0411
0.6 -1.5 8.52082
0.6 -1.4 2.57937
0.6 -1.3 -4.89183
0.6 -1.2 -14.5858
0.6 -1.1 -31.8087
0.6 -1 -33.9093
0.6 -0.9 -34.4309
0.6 -0.8 -35.0678
0.6 -0.7 -19.8585
0.6 -0.6 -8.28031
0.6 -0.5 2.97586
0.6 -0.4 -2.94514
0.6 -0.3 -5.2028
0.6 -0.2 11.3559
0.6 -0.1 -0.387716
0.6 0 18.139
0.6 0.1 -6.4197
0.6 0.2 -4.64723
0.6 0.3 -8.26948
0.6 0.4 -3.51985
0.6 0.5 -6.63628
0.6 0.6 -18.8928
0.6 0.7 -28.5917
0.6 0.8 -31.1771
0.6 0.9 -24.0295
0.6 1 -14.3514
0.6 1.1 -2.54409
0.6 1.2 6.42876
0.6 1.3 13.6304
0.6 1.4 18.8608
0.6 1.5 20.509
0.6 1.6 18.3061
0.6 1.7 20.0028
0.6 1.8 18.4992
0.6 1.9 16.9702
0.6 2 14.2133
0.6 2.1 12.4612
0.6 2.2 10.1616
0.6 2.3 7.81176
0.6 2.4 5.81333
0.6 2.5 3.31363
0.6 2.6 2.09552
0.6 2.7 2.00451
0.6 2.8 1.4895
0.6 2.9 0.120213

0.7 -3 5.13551
0.7 -2.9 5.75657
0.7 -2.8 7.61193
0.7 -2.7 8.42914
0.7 -2.6 10.002
0.7 -2.5 12.0416
0.7 -2.4 10.6554
0.7 -2.3 12.4991
0.7 -2.2 14.7612
0.7 -2.1 15.9082
0.7 -2 17.0624
0.7 -1.9 17.4884
0.7 -1.8 16.8894
0.7 -1.7 15.6851
0.7 -1.6 14.1017
0.7 -1.5 6.15513
0.7 -1.4 1.25547
0.7 -1.3 -6.9382
0.7 -1.2 -16.9837
0.7 -1.1 -27.921
0.7 -1 -34.0757
0.7 -0.9 -36.5897
0.7 -0.8 -31.6191
0.7 -0.7 -20.172
0.7 -0.6 -3.32525
0.7 -0.5 4.77278
0.7 -0.4 -2.80639
0.7 -0.3 -3.58043
0.7 -0.2 12.9091
0.7 -0.1 3.72243
0.7 0 21.089
0.7 0.1 -7.28522
0.7 0.2 -1.67907
0.7 0.3 -7.85571
0.7 0.4 -2.4945
0.7 0.5 -8.15464
0.7 0.6 -21.8829
0.7 0.7 -33.5795
0.7 0.8 -28.7056
0.7 0.9 -20.2618
0.7 1 -11.9129
0.7 1.1 -0.875263
0.7 1.2 8.07824
0.7 1.3 15.6766
0.7 1.4 19.4152
0.7 1.5 17.8689
0.7 1.6 21.193
0.7 1.7 20.6164
0.7 1.8 19.0181
0.7 1.9 16.5089
0.7 2 14.3142
0.7 2.1 12.1367
0.7 2.2 10.0196
0.7 2.3 7.54082
0.7 2.4 5.65349
0.7 2.5 3.4011
0.7 2.6 2.68269
0.7 2.7 2.71174
0.7 2.8 1.75351
0.7 2.9 0.40309

0.8 -3 5.18152
0.8 -2.9 6.06362
0.8 -2.8 7.86435
0.8 -2.7 8.32625
0.8 -2.6 10.3405
0.8 -2.5 11.1831
0.8 -2.4 9.77988
0.8 -2.3 12.9311
0.8 -2.2 14.6871
0.8 -2.1 16.3652
0.8 -2 16.8543
0.8 -1.9 17.5768
0.8 -1.8 16.5527
0.8 -1.7 14.5933
0.8 -1.6 12.8305
0.8 -1.5 4.54165
0.8 -1.4 -0.358497
0.8 -1.3 -8.48444
0.8 -1.2 -19.8804
0.8 -1.1 -25.1272
0.8 -1 -36.7142
0.8 -0.9 -40.8634
0.8 -0.8 -30.933
0.8 -0.7 -18.6142
0.8 -0.6 -1.02034
0.8 -0.5 4.56936
0.8 -0.4 -1.76188
0.8 -0.3 -2.9248
0.8 -0.2 13.3218
0.8 -0.1 5.37353
0.8 0 24.039
0.8 0.1 -4.51207
0.8 0.2 0.988893
0.8 0.3 -6.2353
0.8 0.4 -2.68058
0.8 0.5 -8.18614
0.8 0.6 -18.5749
0.8 0.7 -28.4017
0.8 0.8 -26.28
0.8 0.9 -18.7204
0.8 1 -9.15882
0.8 1.1 0.538404
0.8 1.2 10.195
0.8 1.3 16.2763
0.8 1.4 19.6031
0.8 1.5 17.8823
0.8 1.6 24.9739
0.8 1.7 22.0533
0.8 1.8 19.1509
0.8 1.9 16.5065
0.8 2 14.5785
0.8 2.1 12.1201
0.8 2.2 9.78549
0.8 2.3 7.67059
0.8 2.4 5.76121
0.8 2.5 3.8614
0.8 2.6 3.6662
0.8 2.7 3.35509
0.8 2.8 1.94965
0.8 2.9 0.198229

0.9 -3 5.23384
0.9 -2.9 6.55739
0.9 -2.8 7.99678
0.9 -2.7 8.1436
0.9 -2.6 10.1234
0.9 -2.5 9.93517
0.9 -2.4 9.52108
0.9 -2.3 13.6561
0.9 -2.2 15.0049
0.9 -2.1 16.2221
0.9 -2 16.7863
0.9 -1.9 17.0293
0.9 -1.8 15.8949
0.9 -1.7 13.8088
0.9 -1.6 10.5019
0.9 -1.5 3.82691
0.9 -1.4 -1.81951
0.9 -1.3 -10.4076
0.9 -1.2 -20.7935
0.9 -1.1 -26.4494
0.9 -1 -37.7012
0.9 -0.9 -38.8668
0.9 -0.8 -30.8042
0.9 -0.7 -15.4999
0.9 -0.6 -3.03933
0.9 -0.5 6.51206
0.9 -0.4 -1.83806
0.9 -0.3 -1.57955
0.9 -0.2 12.5752
0.9 -0.1 4.53951
0.9 0 26.989
0.9 0.1 -0.270135
0.9 0.2 2.96133
0.9 0.3 -5.00257
0.9 0.4 -1.65799
0.9 0.5 -8.75438
0.9 0.6 -18.9916
0.9 0.7 -24.3238
0.9 0.8 -24.0561
0.9 0.9 -18.6275
0.9 1 -7.05194
0.9 1.1 2.77208
0.9 1.2 12.8342
0.9 1.3 18.0005
0.9 1.4 21.445
0.9 1.5 20.5463
0.9 1.6 27.3886
0.9 1.7 22.5197
0.9 1.8 20.0567
0.9 1.9 17.0419
0.9 2 14.9853
0.9 2.1 12.5989
0.9 2.2 10.0742
0.9 2.3 8.13838
0.9 2.4 6.09622
0.9 2.5 4.72226
0.9 2.6 4.774
0.9 2.7 3.724
0.9 2.8 1.84639
0.9 2.9 0.0545056

1 -3 5.61346
1 -2.9 6.70607
1 -2.8 7.77486
1 -2.7 7.90762
1 -2.6 9.50308
1 -2.5 8.89103
1 -2.4 10.2113
1 -2.3 14.3285
1 -2.2 15.0834
1 -2.1 15.9783
1 -2 16.7727
1 -1.9 15.7982
1 -1.8 14.8851
1 -1.7 12.5257
1 -1.6 8.12841
1 -1.5 3.96373
1 -1.4 -3.27005
1 -1.3 -11.9202
1 -1.2 -21.3932
1 -1.1 -31.7252
1 -1 -39.3414
1 -0.9 -35.0555
1 -0.8 -30.694
1 -0.7 -12.8821
1 -0.6 2.39897
1 -0.5 7.42662
1 -0.4 -0.571492
1 -0.3 -0.275186
1 -0.2 10.8214
1 -0.1 1.34275
1 0 29.939
1 0.1 3.84096
1 0.2 3.9699
1 0.3 -3.99625
1 0.4 -1.70182
1 0.5 -9.01229
1 0.6 -23.3229
1 0.7 -29.3303
1 0.8 -24.4612
1 0.9 -16.7459
1 1 -4.86375
1 1.1 7.4108
1 1.2 15.8384
1 1.3 22.1591
1 1.4 24.1766
1 1.5 26.8307
1 1.6 27.2219
1 1.7 23.4367
1 1.8 20.7533
1 1.9 18.4784
1 2 15.5475
1 2.1 13.3683
1 2.2 10.699
1 2.3 9.00615
1 2.4 6.85629
1 2.5 6.08501
1 2.6 5.37283
1 2.7 3.81326
1 2.8 1.67308
1 2.9 0.176414

1.1 -3 9.29658
1.1 -2.9 10.1582
1.1 -2.8 10.7051
1.1 -2.7 10.7785
1.1 -2.6 11.6232
1.1 -2.5 11.4382
1.1 -2.4 13.1399
1.1 -2.3 15.8594
1.1 -2.2 15.6177
1.1 -2.1 16.0447
1.1 -2 15.5902
1.1 -1.9 14.4014
1.1 -1.8 12.8739
1.1 -1.7 10.596
1.1 -1.6 6.30063
1.1 -1.5 4.49852
1.1 -1.4 -0.955939
1.1 -1.3 -4.61755
1.1 -1.2 -7.33985
1.1 -1.1 -12.4376
1.1 -1 -8.21238
1.1 -0.9 -5.31514
1.1 -0.8 -7.31365
1.1 -0.7 -13.2092
1.1 -0.6 -21.6188
1.1 -0.5 -19.8961
1.1 -0.4 12.0808
1.1 -0.3 18.5805
1.1 -0.2 -76.2291
1.1 -0.1 63.3181
1.1 0 159.159
1.1 0.1 -26.4496
1.1 0.2 -49.9435
1.1 0.3 7.26887
1.1 0.4 33.2678
1.1 0.5 2.45008
1.1 0.6 -39.8621
1.1 0.7 -60.3006
1.1 0.8 -44.3834
1.1 0.9 -24.8803
1.1 1 -3.556
1.1 1.1 18.0394
1.1 1.2 28.1328
1.1 1.3 35.463
1.1 1.4 39.0202
1.1 1.5 44.6689
1.1 1.6 35.1976
1.1 1.7 32.1585
1.1 1.8 28.1443
1.1 1.9 24.975
1.1 2 21.0511
1.1 2.1 17.9796
1.1 2.2 15.0348
1.1 2.3 13.0684
1.1 2.4 10.4446
1.1 2.5 9.20309
1.1 2.6 8.18317
1.1 2.7 6.08223
1.1 2.8 3.7199
1.1 2.9 2.27779

1.2 -3 12.6823
1.2 -2.9 13.4282
1.2 -2.8 13.4585
1.2 -2.7 13.6192
1.2 -2.6 14.0919
1.2 -2.5 13.8804
1.2 -2.4 15.6723
1.2 -2.3 16.9374
1.2 -2.2 16.1849
1.2 -2.1 15.6504
1.2 -2 14.4179
1.2 -1.9 13.0481
1.2 -1.8 11.1485
1.2 -1.7 8.61878
1.2 -1.6 5.81953
1.2 -1.5 5.01077
1.2 -1.4 2.75366
1.2 -1.3 3.4051
1.2 -1.2 7.05999
1.2 -1.1 9.01062
1.2 -1 21.3325
1.2 -0.9 22.8635
1.2 -0.8 15.9796
1.2 -0.7 -9.93428
1.2 -0.6 -39.2619
1.2 -0.5 -59.8368
1.2 -0.4 9.54338
1.2 -0.3 58.7977
1.2 -0.2 20.469
1.2 -0.1 -149.872
1.2 0 -46.4038
1.2 0.1 -137.794
1.2 0.2 -11.5922
1.2 0.3 46.2806
1.2 0.4 44.0038
1.2 0.5 -10.9627
1.2 0.6 -76.47
1.2 0.7 -77.1203
1.2 0.8 -57.8244
1.2 0.9 -26.6828
1.2 1 4.70127
1.2 1.1 27.0843
1.2 1.2 43.5177
1.2 1.3 51.8932
1.2 1.4 54.3304
1.2 1.5 57.7342
1.2 1.6 44.0168
1.2 1.7 40.6907
1.2 1.8 35.4285
1.2 1.9 30.2866
1.2 2 26.2857
1.2 2.1 22.4969
1.2 2.2 19.1833
1.2 2.3 16.5874
1.2 2.4 13.3302
1.2 2.5 12.0859
1.2 2.6 10.8854
1.2 2.7 7.96717
1.2 2.8 5.55192
1.2 2.9 4.41675

1.3 -3 15.9433
1.3 -2.9 16.4014
1.3 -2.8 16.3309
1.3 -2.7 16.4593
1.3 -2.6 16.6854
1.3 -2.5 16.2188
1.3 -2.4 17.7755
1.3 -2.3 17.8831
1.3 -2.2 16.336
1.3 -2.1 15.131
1.3 -2 13.5324
1.3 -1.9 11.8199
1.3 -1.8 9.45795
1.3 -1.7 7.58806
1.3 -1.6 5.92634
1.3 -1.5 5.67251
1.3 -1.4 6.6512
1.3 -1.3 11.0024
1.3 -1.2 19.8619
1.3 -1.1 30.5792
1.3 -1 49.3979
1.3 -0.9 50.9911
1.3 -0.8 42.2427
1.3 -0.7 5.27845
1.3 -0.6 -44.3962
1.3 -0.5 -87.8747
1.3 -0.4 -46.5814
1.3 -0.3 42.4799
1.3 -0.2 89.332
1.3 -0.1 33.4512
1.3 0 28.1612
1.3 0.1 27.1543
1.3 0.2 85.3371
1.3 0.3 77.3653
1.3 0.4 21.6801
1.3 0.5 -69.241
1.3 0.6 -112.045
1.3 0.7 -92.2504
1.3 0.8 -53.4133
1.3 0.9 -17.3707
1.3 1 20.2264
1.3 1.1 43.468
1.3 1.2 60.8463
1.3 1.3 67.7855
1.3 1.4 68.4655
1.3 1.5 61.8815
1.3 1.6 54.6914
1.3 1.7 48.0086
1.3 1.8 41.3243
1.3 1.9 35.5226
1.3 2 30.6741
1.3 2.1 26.567
1.3 2.2 22.9456
1.3 2.3 19.1387
1.3 2.4 15.8611
1.3 2.5 14.9923
1.3 2.6 12.9703
1.3 2.7 9.53456
1.3 2.8 7.39268
1.3 2.9 6.63163

1.4 -3 19.3268
1.4 -2.9 19.4948
1.4 -2.8 19.2996
1.4 -2.7 19.3308
1.4 -2.6 19.2172
1.4 -2.5 18.4623
1.4 -2.4 19.4962
1.4 -2.3 18.7947
1.4 -2.2 16.5029
1.4 -2.1 14.7788
1.4 -2 12.8491
1.4 -1.9 10.8044
1.4 -1.8 8.27678
1.4 -1.7 6.88733
1.4 -1.6 6.06493
1.4 -1.5 6.53011
1.4 -1.4 10.2487
1.4 -1.3 17.7817
1.4 -1.2 30.5058
1.4 -1.1 48.8898
1.4 -1 78.0601
1.4 -0.9 80.3265
1.4 -0.8 74.8905
1.4 -0.7 36.7247
1.4 -0.6 -26.5214
1.4 -0.5 -92.3006
1.4 -0.4 -128.597
1.4 -0.3 -48.8948
1.4 -0.2 44.305
1.4 -0.1 81.0402
1.4 0 102.674
1.4 0.1 92.9298
1.4 0.2 62.4615
1.4 0.3 18.197
1.4 0.4 -79.816
1.4 0.5 -143.152
1.4 0.6 -126.344
1.4 0.7 -87.9813
1.4 0.8 -41.2767
1.4 0.9 5.41659
1.4 1 41.0485
1.4 1.1 68.0193
1.4 1.2 79.8106
1.4 1.3 83.0384
1.4 1.4 82.3833
1.4 1.5 65.6773
1.4 1.6 63.3911
1.4 1.7 54.4104
1.4 1.8 46.5697
1.4 1.9 40.6038
1.4 2 34.746
1.4 2.1 29.361
1.4 2.2 25.8844
1.4 2.3 21.0667
1.4 2.4 18.814
1.4 2.5 17.925
1.4 2.6 14.1436
1.4 2.7 10.7566
1.4 2.8 9.26566
1.4 2.9 8.74783

1.5 -3 22.7923
1.5 -2.9 22.6647
1.5 -2.8 22.2574
1.5 -2.7 22.1331
1.5 -2.6 21.6641
1.5 -2.5 20.6283
1.5 -2.4 21.0243
1.5 -2.3 19.8154
1.5 -2.2 16.9747
1.5 -2.1 14.7685
1.5 -2 12.4386
1.5 -1.9 9.86436
1.5 -1.8 7.60269
1.5 -1.7 6.2918
1.5 -1.6 6.024
1.5 -1.5 6.93417
1.5 -1.4 13.8495
1.5 -1.3 22.6367
1.5 -1.2 37.6381
1.5 -1.1 62.4998
1.5 -1 90.6739
1.5 -0.9 105.44
1.5 -0.8 106.167
1.5 -0.7 81.7825
1.5 -0.6 15.9496
1.5 -0.5 -54.0595
1.5 -0.4 -127.075
1.5 -0.3 -161.565
1.5 -0.2 -123.653
1.5 -0.1 -54.5515
1.5 0 -13.2162
1.5 0.1 -14.8878
1.5 0.2 -72.0011
1.5 0.3 -135.162
1.5 0.4 -171.991
1.5 0.5 -145.967
1.5 0.6 -113.69
1.5 0.7 -69.8948
1.5 0.8 -8.03541
1.5 0.9 39.4737
1.5 1 82.0047
1.5 1.1 91.8003
1.5 1.2 97.2944
1.5 1.3 96.7128
1.5 1.4 87.4454
1.5 1.5 77.6252
1.5 1.6 69.342
1.5 1.7 58.6048
1.5 1.8 50.9199
1.5 1.9 43.2153
1.5 2 37.4499
1.5 2.1 32.1959
1.5 2.2 27.5531
1.5 2.3 22.9056
1.5 2.4 21.9069
1.5 2.5 19.5956
1.5 2.6 14.7698
1.5 2.7 11.8986
1.5 2.8 11.3343
1.5 2.9 10.7498

1.6 -3 26.1109
1.6 -2.9 25.7642
1.6 -2.8 25.2245
1.6 -2.7 24.8899
1.6 -2.6 24.0648
1.6 -2.5 22.8469
1.6 -2.4 22.5484
1.6 -2.3 20.9901
1.6 -2.2 17.6041
1.6 -2.1 15.0595
1.6 -2 12.1571
1.6 -1.9 9.55631
1.6 -1.8 7.25196
1.6 -1.7 5.78048
1.6 -1.6 5.75338
1.6 -1.5 7.63235
1.6 -1.4 16.7588
1.6 -1.3 25.1418
1.6 -1.2 41.5199
1.6 -1.1 68.4675
1.6 -1 102.824
1.6 -0.9 121.246
1.6 -0.8 133.163
1.6 -0.7 120.358
1.6 -0.6 73.0256
1.6 -0.5 4.43239
1.6 -0.4 -69.5037
1.6 -0.3 -135.314
1.6 -0.2 -179.722
1.6 -0.1 -190.29
1.6 0 -220.374
1.6 0.1 -203.038
1.6 0.2 -205.682
1.6 0.3 -190.777
1.6 0.4 -167.433
1.6 0.5 -119.123
1.6 0.6 -74.0698
1.6 0.7 -10.8952
1.6 0.8 41.3228
1.6 0.9 84.2203
1.6 1 102.202
1.6 1.1 114.737
1.6 1.2 114.182
1.6 1.3 107.836
1.6 1.4 90.3009
1.6 1.5 87.86
1.6 1.6 73.011
1.6 1.7 62.2294
1.6 1.8 53.2785
1.6 1.9 45.6405
1.6 2 38.9131
1.6 2.1 34.0847
1.6 2.2 28.4654
1.6 2.3 25.1857
1.6 2.4 24.1922
1.6 2.5 18.9089
1.6 2.6 15.0039
1.6 2.7 13.5061
1.6 2.8 13.4663
1.6 2.9 12.8941

1.7 -3 29.3182
1.7 -2.9 28.8457
1.7 -2.8 28.1594
1.7 -2.7 27.5512
1.7 -2.6 26.4606
1.7 -2.5 25.1169
1.7 -2.4 24.164
1.7 -2.3 22.5304
1.7 -2.2 18.5832
1.7 -2.1 15.6115
1.7 -2 12.4308
1.7 -1.9 9.71157
1.7 -1.8 7.20043
1.7 -1.7 5.43946
1.7 -1.6 5.39655
1.7 -1.5 8.45885
1.7 -1.4 16.1432
1.7 -1.3 23.9204
1.7 -1.2 40.8322
1.7 -1.1 66.907
1.7 -1 101.749
1.7 -0.9 129.533
1.7 -0.8 152.72
1.7 -0.7 156.939
1.7 -0.6 133.201
1.7 -0.5 90.9978
1.7 -0.4 19.6199
1.7 -0.3 -51.1819
1.7 -0.2 -112.129
1.7 -0.1 -145.476
1.7 0 -166.762
1.7 0.1 -155.511
1.7 0.2 -155.296
1.7 0.3 -131.779
1.7 0.4 -96.2999
1.7 0.5 -45.3283
1.7 0.6 4.91594
1.7 0.7 54.3404
1.7 0.8 98.6426
1.7 0.9 114.6
1.7 1 130.512
1.7 1.1 131.848
1.7 1.2 124.972
1.7 1.3 108.986
1.7 1.4 109.554
1.7 1.5 87.1571
1.7 1.6 74.7647
1.7 1.7 64.0039
1.7 1.8 54.3169
1.7 1.9 47.0394
1.7 2 40.543
1.7 2.1 34.9699
1.7 2.2 29.3133
1.7 2.3 27.6492
1.7 2.4 23.7266
1.7 2.5 18.5148
1.7 2.6 15.5784
1.7 2.7 15.6182
1.7 2.8 15.2916
1.7 2.9 14.4151

1.8 -3 32.3643
1.8 -2.9 31.7956
1.8 -2.8 30.9517
1.8 -2.7 30.2861
1.8 -2.6 29.1212
1.8 -2.5 27.4988
1.8 -2.4 26.0572
1.8 -2.3 24.3286
1.8 -2.2 20.2214
1.8 -2.1 16.2622
1.8 -2 13.3044
1.8 -1.9 10.1857
1.8 -1.8 7.42678
1.8 -1.7 5.62189
1.8 -1.6 5.39103
1.8 -1.5 8.33042
1.8 -1.4 13.5863
1.8 -1.3 24.1576
1.8 -1.2 38.8944
1.8 -1.1 63.106
1.8 -1 95.2281
1.8 -0.9 131.135
1.8 -0.8 167.911
1.8 -0.7 188.94
1.8 -0.6 178.302
1.8 -0.5 160.521
1.8 -0.4 116.007
1.8 -0.3 63.5371
1.8 -0.2 10.7889
1.8 -0.1 -28.5654
1.8 0 -53.1373
1.8 0.1 -58.9584
1.8 0.2 -54.9033
1.8 0.3 -32.6926
1.8 0.4 6.90424
1.8 0.5 47.843
1.8 0.6 85.2916
1.8 0.7 119.307
1.8 0.8 131.658
1.8 0.9 151.644
1.8 1 152.535
1.8 1.1 145.024
1.8 1.2 131.254
1.8 1.3 130.199
1.8 1.4 101.011
1.8 1.5 86.8223
1.8 1.6 74.9622
1.8 1.7 63.777
1.8 1.8 55.2451
1.8 1.9 47.3669
1.8 2 41.1459
1.8 2.1 34.3493
1.8 2.2 30.8307
1.8 2.3 28.4951
1.8 2.4 22.4712
1.8 2.5 18.3249
1.8 2.6 17.5234
1.8 2.7 17.9626
1.8 2.8 17.2616
1.8 2.9 15.9491

1.9 -3 35.5147
1.9 -2.9 34.8116
1.9 -2.8 33.8117
1.9 -2.7 33.43
1.9 -2.6 31.777
1.9 -2.5 30.0308
1.9 -2.4 28.2503
1.9 -2.3 26.2838
1.9 -2.2 22.5084
1.9 -2.1 17.3192
1.9 -2 14.7517
1.9 -1.9 10.9201
1.9 -1.8 7.95597
1.9 -1.7 5.61885
1.9 -1.6 5.0972
1.9 -1.5 7.03407
1.9 -1.4 11.527
1.9 -1.3 24.2538
1.9 -1.2 32.4918
1.9 -1.1 55.4795
1.9 -1 84.3906
1.9 -0.9 120.627
1.9 -0.8 155.905
1.9 -0.7 186.253
1.9 -0.6 222.248
1.9 -0.5 201.068
1.9 -0.4 186.68
1.9 -0.3 161.05
1.9 -0.2 129.201
1.9 -0.1 105.128
1.9 0 80.2375
1.9 0.1 73.3775
1.9 0.2 76.0756
1.9 0.3 92.1324
1.9 0.4 112.354
1.9 0.5 132.385
1.9 0.6 142.434
1.9 0.7 173.748
1.9 0.8 172.89
1.9 0.9 171.289
1.9 1 164.44
1.9 1.1 152.308
1.9 1.2 145.338
1.9 1.3 114.767
1.9 1.4 99.7117
1.9 1.5 85.9939
1.9 1.6 73.0274
1.9 1.7 63.1817
1.9 1.8 53.8286
1.9 1.9 46.6052
1.9 2 40.185
1.9 2.1 34.5588
1.9 2.2 32.3568
1.9 2.3 26.6775
1.9 2.4 21.4352
1.9 2.5 19.3918
1.9 2.6 20.342
1.9 2.7 19.848
1.9 2.8 18.4223
1.9 2.9 17.8842

2 -3 38.6419
2 -2.9 37.8359
2 -2.8 37.1731
2 -2.7 36.4657
2 -2.6 34.7909
2 -2.5 32.706
2 -2.4 30.834
2 -2.3 28.5554
2 -2.2 25.1508
2 -2.1 18.9215
2 -2 16.4155
2 -1.9 12.1528
2 -1.8 8.9759
2 -1.7 6.06349
2 -1.6 5.03849
2 -1.5 6.45258
2 -1.4 11.2752
2 -1.3 18.8356
2 -1.2 28.8627
2 -1.1 49.8814
2 -1 73.4332
2 -0.9 103.563
2 -0.8 139.128
2 -0.7 178.109
2 -0.6 208.812
2 -0.5 226.159
2 -0.4 207.794
2 -0.3 220.005
2 -0.2 209.006
2 -0.1 195.296
2 0 181.608
2 0.1 173.4
2 0.2 172.416
2 0.3 179.194
2 0.4 201.374
2 0.5 193.964
2 0.6 193.503
2 0.7 193.595
2 0.8 188.971
2 0.9 179.328
2 1 165.606
2 1.1 156.315
2 1.2 125.874
2 1.3 111.67
2 1.4 95.4053
2 1.5 81.659
2 1.6 70.6848
2 1.7 60.8298
2 1.8 52.3122
2 1.9 45.6612
2 2 38.6963
2 2.1 35.786
2 2.2 30.9075
2 2.3 24.7447
2 2.4 21.4512
2 2.5 22.8262
2 2.6 22.7358
2 2.7 21.1883
2 2.8 20.1996
2 2.9 19.3894

2.1 -3 41.6985
2.1 -2.9 41.2572
2.1 -2.8 40.5074
2.1 -2.7 39.5636
2.1 -2.6 37.9756
2.1 -2.5 35.5424
2.1 -2.4 33.9153
2.1 -2.3 31.1564
2.1 -2.2 28.193
2.1 -2.1 21.3785
2.1 -2 18.0058
2.1 -1.9 14.612
2.1 -1.8 10.7464
2.1 -1.7 7.45983
2.1 -1.6 6.24627
2.1 -1.5 6.56437
2.1 -1.4 9.34543
2.1 -1.3 15.2137
2.1 -1.2 27.4526
2.1 -1.1 38.5263
2.1 -1 64.0189
2.1 -0.9 87.5192
2.1 -0.8 116.884
2.1 -0.7 151.498
2.1 -0.6 183.004
2.1 -0.5 209.084
2.1 -0.4 222.572
2.1 -0.3 245.625
2.1 -0.2 226.618
2.1 -0.1 248.178
2.1 0 256.477
2.1 0.1 239.006
2.1 0.2 221.128
2.1 0.3 226.796
2.1 0.4 227.121
2.1 0.5 219.338
2.1 0.6 213.193
2.1 0.7 202.401
2.1 0.8 188.232
2.1 0.9 173.804
2.1 1 155.396
2.1 1.1 129.275
2.1 1.2 120.528
2.1 1.3 103.815
2.1 1.4 90.0176
2.1 1.5 77.5488
2.1 1.6 67.1983
2.1 1.7 58.1872
2.1 1.8 50.6845
2.1 1.9 43.2508
2.1 2 39.0951
2.1 2.1 34.5196
2.1 2.2 27.7369
2.1 2.3 23.7554
2.1 2.4 25.5324
2.1 2.5 25.8753
2.1 2.6 24.1284
2.1 2.7 22.5648
2.1 2.8 21.4709
2.1 2.9 21.3561

2.2 -3 45.0029
2.2 -2.9 44.79
2.2 -2.8 43.8813
2.2 -2.7 42.7295
2.2 -2.6 41.2728
2.2 -2.5 38.6774
2.2 -2.4 37.0001
2.2 -2.3 33.9751
2.2 -2.2 31.3265
2.2 -2.1 24.8767
2.2 -2 19.7584
2.2 -1.9 17.3172
2.2 -1.8 12.7083
2.2 -1.7 9.46219
2.2 -1.6 6.93187
2.2 -1.5 5.78609
2.2 -1.4 7.90672
2.2 -1.3 13.2666
2.2 -1.2 20.3757
2.2 -1.1 33.3943
2.2 -1 49.0244
2.2 -0.9 74.0663
2.2 -0.8 94.2937
2.2 -0.7 119.271
2.2 -0.6 151.23
2.2 -0.5 180.586
2.2 -0.4 205.576
2.2 -0.3 221.975
2.2 -0.2 237.55
2.2 -0.1 243.695
2.2 0 245.397
2.2 0.1 242.809
2.2 0.2 239.88
2.2 0.3 233.914
2.2 0.4 228.946
2.2 0.5 222.648
2.2 0.6 207.754
2.2 0.7 190.633
2.2 0.8 173.056
2.2 0.9 148.662
2.2 1 138.535
2.2 1.1 124.771
2.2 1.2 108.276
2.2 1.3 94.4853
2.2 1.4 82.8267
2.2 1.5 73.2344
2.2 1.6 63.1067
2.2 1.7 54.7858
2.2 1.8 47.5634
2.2 1.9 42.5963
2.2 2 37.9052
2.2 2.1 30.7022
2.2 2.2 26.2082
2.2 2.3 28.6326
2.2 2.4 29.2213
2.2 2.5 27.0938
2.2 2.6 24.9164
2.2 2.7 23.6055
2.2 2.8 23.6935
2.2 2.9 23.8029

2.3 -3 48.6638
2.3 -2.9 48.2694
2.3 -2.8 47.352
2.3 -2.7 46.0428
2.3 -2.6 44.7873
2.3 -2.5 42.098
2.3 -2.4 39.9865
2.3 -2.3 37.3746
2.3 -2.2 34.5001
2.3 -2.1 28.977
2.3 -2 21.9345
2.3 -1.9 20.2808
2.3 -1.8 15.4131
2.3 -1.7 11.5299
2.3 -1.6 8.44529
2.3 -1.5 7.48507
2.3 -1.4 8.18634
2.3 -1.3 10.8607
2.3 -1.2 16.8653
2.3 -1.1 26.1625
2.3 -1 38.595
2.3 -0.9 56.7219
2.3 -0.8 77.464
2.3 -0.7 91.8957
2.3 -0.6 117.691
2.3 -0.5 143.43
2.3 -0.4 171.26
2.3 -0.3 191.167
2.3 -0.2 205.557
2.3 -0.1 218.625
2.3 0 220.854
2.3 0.1 223.622
2.3 0.2 225.154
2.3 0.3 219.189
2.3 0.4 210.75
2.3 0.5 202.607
2.3 0.6 185.025
2.3 0.7 168.776
2.3 0.8 163.075
2.3 0.9 141.649
2.3 1 123.395
2.3 1.1 109.306
2.3 1.2 97.1351
2.3 1.3 85.6302
2.3 1.4 75.9961
2.3 1.5 66.3402
2.3 1.6 58.8756
2.3 1.7 51.0292
2.3 1.8 46.1496
2.3 1.9 40.7802
2.3 2 33.5011
2.3 2.1 29.3809
2.3 2.2 31.8642
2.3 2.3 32.6746
2.3 2.4 30.1679
2.3 2.5 27.2555
2.3 2.6 25.8326
2.3 2.7 25.9301
2.3 2.8 25.592
2.3 2.9 25.6059

2.4 -3 52.2258
2.4 -2.9 51.8712
2.4 -2.8 50.9567
2.4 -2.7 49.5506
2.4 -2.6 48.4901
2.4 -2.5 45.7039
2.4 -2.4 42.9377
2.4 -2.3 41.0313
2.4 -2.2 37.6142
2.4 -2.1 32.7392
2.4 -2 25.1645
2.4 -1.9 22.3155
2.4 -1.8 19.5013
2.4 -1.7 13.8855
2.4 -1.6 11.1678
2.4 -1.5 8.77468
2.4 -1.4 7.73562
2.4 -1.3 9.64678
2.4 -1.2 13.5695
2.4 -1.1 20.4973
2.4 -1 29.9389
2.4 -0.9 42.5462
2.4 -0.8 58.792
2.4 -0.7 76.2772
2.4 -0.6 87.4252
2.4 -0.5 109.761
2.4 -0.4 134.108
2.4 -0.3 153.042
2.4 -0.2 167.72
2.4 -0.1 177.675
2.4 0 181.557
2.4 0.1 185.995
2.4 0.2 186.567
2.4 0.3 186.256
2.4 0.4 184.67
2.4 0.5 179.911
2.4 0.6 165.33
2.4 0.7 147.088
2.4 0.8 131.242
2.4 0.9 118.964
2.4 1 107.121
2.4 1.1 95.8745
2.4 1.2 86.2125
2.4 1.3 76.3474
2.4 1.4 68.2117
2.4 1.5 61.0518
2.4 1.6 53.0786
2.4 1.7 48.6517
2.4 1.8 43.1651
2.4 1.9 36.0269
2.4 2 32.8578
2.4 2.1 35.4231
2.4 2.2 36.166
2.4 2.3 32.9165
2.4 2.4 29.5952
2.4 2.5 27.8597
2.4 2.6 27.6543
2.4 2.7 27.6436
2.4 2.8 27.676
2.4 2.9 27.5817

2.5 -3 55.828
2.5 -2.9 55.5574
2.5 -2.8 54.6913
2.5 -2.7 52.8347
2.5 -2.6 51.787
2.5 -2.5 49.5528
2.5 -2.4 46.3523
2.5 -2.3 44.415
2.5 -2.2 41.1149
2.5 -2.1 36.543
2.5 -2 29.9842
2.5 -1.9 24.6725
2.5 -1.8 23.5583
2.5 -1.7 17.9056
2.5 -1.6 13.6337
2.5 -1.5 10.6102
2.5 -1.4 9.03618
2.5 -1.3 9.43739
2.5 -1.2 11.1293
2.5 -1.1 15.9711
2.5 -1 23.4976
2.5 -0.9 32.2276
2.5 -0.8 44.5026
2.5 -0.7 55.7784
2.5 -0.6 72.0587
2.5 -0.5 83.7749
2.5 -0.4 97.1505
2.5 -0.3 116.701
2.5 -0.2 135.313
2.5 -0.1 144.824
2.5 0 146.303
2.5 0.1 143.61
2.5 0.2 142.136
2.5 0.3 140.901
2.5 0.4 137.939
2.5 0.5 134.051
2.5 0.6 130.058
2.5 0.7 122.237
2.5 0.8 112.653
2.5 0.9 102.737
2.5 1 92.5354
2.5 1.1 83.5398
2.5 1.2 75.7773
2.5 1.3 68.0107
2.5 1.4 60.6675
2.5 1.5 54.7501
2.5 1.6 50.0467
2.5 1.7 44.3198
2.5 1.8 38.3715
2.5 1.9 36.871
2.5 2 39.3242
2.5 2.1 39.5065
2.5 2.2 35.1009
2.5 2.3 31.3495
2.5 2.4 29.2986
2.5 2.5 29.3859
2.5 2.6 29.6583
2.5 2.7 29.8048
2.5 2.8 29.7008
2.5 2.9 30.6671

2.6 -3 59.4034
2.6 -2.9 59.0356
2.6 -2.8 57.8836
2.6 -2.7 56.3037
2.6 -2.6 55.3016
2.6 -2.5 53.0344
2.6 -2.4 50.0638
2.6 -2.3 47.6488
2.6 -2.2 45.0997
2.6 -2.1 40.6765
2.6 -2 34.6086
2.6 -1.9 28.0896
2.6 -1.8 26.2701
2.6 -1.7 23.2766
2.6 -1.6 16.3251
2.6 -1.5 13.5878
2.6 -1.4 11.4603
2.6 -1.3 10.758
2.6 -1.2 11.1461
2.6 -1.1 12.6899
2.6 -1 17.9032
2.6 -0.9 24.9679
2.6 -0.8 32.4245
2.6 -0.7 42.9416
2.6 -0.6 52.6754
2.6 -0.5 64.8234
2.6 -0.4 78.0907
2.6 -0.3 87.5376
2.6 -0.2 97.2554
2.6 -0.1 107.047
2.6 0 114.089
2.6 0.1 117.666
2.6 0.2 118.598
2.6 0.3 118.366
2.6 0.4 116.681
2.6 0.5 112.827
2.6 0.6 107.376
2.6 0.7 100.355
2.6 0.8 92.9029
2.6 0.9 86.8221
2.6 1 79.1605
2.6 1.1 71.3253
2.6 1.2 65.9886
2.6 1.3 59.5414
2.6 1.4 54.2882
2.6 1.5 50.3995
2.6 1.6 44.4582
2.6 1.7 40.0191
2.6 1.8 40.8154
2.6 1.9 43.3813
2.6 2 41.3476
2.6 2.1 36.1439
2.6 2.2 32.378
2.6 2.3 30.8655
2.6 2.4 31.122
2.6 2.5 31.838
2.6 2.6 31.9737
2.6 2.7 32.1313
2.6 2.8 32.8994
2.6 2.9 33.1848

2.7 -3 62.6543
2.7 -2.9 62.2329
2.7 -2.8 61.2013
2.7 -2.7 60.0356
2.7 -2.6 58.8906
2.7 -2.5 56.9327
2.7 -2.4 54.2361
2.7 -2.3 50.9376
2.7 -2.2 49.0469
2.7 -2.1 44.8548
2.7 -2 39.1466
2.7 -1.9 32.8089
2.7 -1.8 28.7627
2.7 -1.7 28.4337
2.7 -1.6 22.1795
2.7 -1.5 15.9629
2.7 -1.4 14.9909
2.7 -1.3 12.8122
2.7 -1.2 12.5136
2.7 -1.1 12.8962
2.7 -1 14.9493
2.7 -0.9 19.3967
2.7 -0.8 25.0942
2.7 -0.7 31.9193
2.7 -0.6 39.8502
2.7 -0.5 50.3523
2.7 -0.4 57.2017
2.7 -0.3 66.8391
2.7 -0.2 76.3131
2.7 -0.1 83.5964
2.7 0 88.3615
2.7 0.1 90.4843
2.7 0.2 91.9153
2.7 0.3 92.6794
2.7 0.4 91.5511
2.7 0.5 89.7111
2.7 0.6 87.5253
2.7 0.7 83.2595
2.7 0.8 77.0449
2.7 0.9 71.8901
2.7 1 67.2027
2.7 1.1 61.1138
2.7 1.2 55.9243
2.7 1.3 52.8051
2.7 1.4 48.1787
2.7 1.5 43.1357
2.7 1.6 41.4704
2.7 1.7 43.4225
2.7 1.8 44.2001
2.7 1.9 39.4312
2.7 2 35.3431
2.7 2.1 32.3137
2.7 2.2 31.7164
2.7 2.3 32.4852
2.7 2.4 33.3932
2.7 2.5 33.3222
2.7 2.6 33.9339
2.7 2.7 34.3142
2.7 2.8 34.6971
2.7 2.9 35.4917

2.8 -3 66.0211
2.8 -2.9 65.4318
2.8 -2.8 64.7241
2.8 -2.7 63.7468
2.8 -2.6 62.087
2.8 -2.5 60.4573
2.8 -2.4 58.3225
2.8 -2.3 54.9258
2.8 -2.2 52.5711
2.8 -2.1 49.5863
2.8 -2 44.0942
2.8 -1.9 37.7772
2.8 -1.8 32.4958
2.8 -1.7 31.1353
2.8 -1.6 30.0642
2.8 -1.5 21.0716
2.8 -1.4 16.7339
2.8 -1.3 16.564
2.8 -1.2 14.2275
2.8 -1.1 14.1207
2.8 -1 14.9467
2.8 -0.9 16.4135
2.8 -0.8 20.6936
2.8 -0.7 23.5577
2.8 -0.6 31.2093
2.8 -0.5 36.516
2.8 -0.4 43.6968
2.8 -0.3 50.2272
2.8 -0.2 57.6425
2.8 -0.1 63.1801
2.8 0 66.0864
2.8 0.1 70.0662
2.8 0.2 72.3048
2.8 0.3 73.704
2.8 0.4 73.5787
2.8 0.5 72.4393
2.8 0.6 70.5002
2.8 0.7 67.4604
2.8 0.8 63.8321
2.8 0.9 60.1153
2.8 1 56.7156
2.8 1.1 53.2831
2.8 1.2 49.11
2.8 1.3 44.9875
2.8 1.4 42.6269
2.8 1.5 43.5676
2.8 1.6 44.106
2.8 1.7 41.2677
2.8 1.8 36.7634
2.8 1.9 33.2548
2.8 2 31.3833
2.8 2.1 32.3128
2.8 2.2 34.2636
2.8 2.3 34.8951
2.8 2.4 35.3276
2.8 2.5 35.8344
2.8 2.6 35.9796
2.8 2.7 36.4908
2.8 2.8 37.6648
2.8 2.9 38.9643

2.9 -3 69.5458
2.9 -2.9 68.6859
2.9 -2.8 68.3272
2.9 -2.7 67.2738
2.9 -2.6 65.8306
2.9 -2.5 64.3553
2.9 -2.4 62.4627
2.9 -2.3 59.1261
2.9 -2.2 56.1665
2.9 -2.1 53.5814
2.9 -2 48.9308
2.9 -1.9 42.8173
2.9 -1.8 37.7631
2.9 -1.7 34.4294
2.9 -1.6 34.1527
2.9 -1.5 30.8754
2.9 -1.4 21.431
2.9 -1.3 17.7601
2.9 -1.2 18.5431
2.9 -1.1 16.267
2.9 -1 15.7588
2.9 -0.9 16.8943
2.9 -0.8 17.6301
2.9 -0.7 20.6045
2.9 -0.6 24.5714
2.9 -0.5 29.0273
2.9 -0.4 33.5698
2.9 -0.3 37.6584
2.9 -0.2 44.8067
2.9 -0.1 47.8283
2.9 0 50.4809
2.9 0.1 52.8506
2.9 0.2 56.4617
2.9 0.3 59.3221
2.9 0.4 59.1681
2.9 0.5 58.579
2.9 0.6 57.1073
2.9 0.7 55.4911
2.9 0.8 53.4577
2.9 0.9 50.9223
2.9 1 47.9366
2.9 1.1 45.3223
2.9 1.2 43.6338
2.9 1.3 43.6555
2.9 1.4 43.3187
2.9 1.5 41.0156
2.9 1.6 36.9274
2.9 1.7 33.4264
2.9 1.8 30.9664
2.9 1.9 31.1368
2.9 2 33.5386
2.9 2.1 35.3296
2.9 2.2 36.4919
2.9 2.3 37.5398
2.9 2.4 37.4513
2.9 2.5 37.8308
2.9 2.6 38.5045
2.9 2.7 39.8749
2.9 2.8 41.0672
2.9 2.9 41.5285

