-3 -3 -29.1015
-3 -2.9 -104.125
-3 -2.8 -65.3243
-3 -2.7 -67.9464
-3 -2.6 -56.6766
-3 -2.5 -93.8762
-3 -2.4 -112.112
-3 -2.3 -122.243
-3 -2.2 -70.0156
-3 -2.1 -121.914
-3 -2 -205.02
-3 -1.9 -70.8128
-3 -1.8 30.7336
-3 -1.7 32.2724
-3 -1.6 33.8112
-3 -1.5 35.35
-3 -1.4 -12.7155
-3 -1.3 -73.389
-3 -1.2 -68.9124
-3 -1.1 -64.4358
-3 -1 -59.9592
-3 -0.9 -39.1868
-3 -0.8 -43.7043
-3 -0.7 -125.712
-3 -0.6 -121.996
-3 -0.5 -100.097
-3 -0.4 -97.606
-3 -0.3 -95.1148
-3 -0.2 -125.295
-3 -0.1 -83.5882
-3 0 -185.66
-3 0.1 -96.3859
-3 0.2 -108.02
-3 0.3 -104.302
-3 0.4 -133.318
-3 0.5 -127.96
-3 0.6 -172.337
-3 0.7 -153.179
-3 0.8 -152.109
-3 0.9 -66.0998
-3 1 -153.697
-3 1.1 -97.3214
-3 1.2 -87.8777
-3 1.3 -172.87
-3 1.4 -89.7329
-3 1.5 -12.1712
-3 1.6 -13.7379
-3 1.7 -15.3045
-3 1.8 -16.8712
-3 1.9 -182.245
-3 2 -180.626
-3 2.1 -70.0829
-3 2.2 -84.33
-3 2.3 -49.0752
-3 2.4 -52.8631
-3 2.5 -50.8406
-3 2.6 -45.9719
-3 2.7 -37.538
-3 2.8 -56.6119
-3 2.9 -86.5866

-2.9 -3 -102.554
-2.9 -2.9 -142.032
-2.9 -2.8 -64.7033
-2.9 -2.7 -103.668
-2.9 -2.6 -90.5857
-2.9 -2.5 -50.4767
-2.9 -2.4 -117.581
-2.9 -2.3 -17.519
-2.9 -2.2 -46.8285
-2.9 -2.1 -68.8342
-2.9 -2 -74.224
-2.9 -1.9 32.9139
-2.9 -1.8 34.4527
-2.9 -1.7 35.9915
-2.9 -1.6 37.5304
-2.9 -1.5 12.1778
-2.9 -1.4 -63.5877
-2.9 -1.3 -90.0937
-2.9 -1.2 -67.471
-2.9 -1.1 -23.3644
-2.9 -1 -101.611
-2.9 -0.9 -94.7693
-2.9 -0.8 -87.9272
-2.9 -0.7 -69.2552
-2.9 -0.6 -72.2893
-2.9 -0.5 -48.9237
-2.9 -0.4 -44.4956
-2.9 -0.3 -40.0675
-2.9 -0.2 -120.982
-2.9 -0.1 -43.2761
-2.9 0 -46.5051
-2.9 0.1 -49.7341
-2.9 0.2 -80.8626
-2.9 0.3 -60.7659
-2.9 0.4 -71.0752
-2.9 0.5 -81.3846
-2.9 0.6 -216.324
-2.9 0.7 -106.222
-2.9 0.8 -111.753
-2.9 0.9 -143.765
-2.9 1 -101.098
-2.9 1.1 -157.077
-2.9 1.2 -167.303
-2.9 1.3 -91.5447
-2.9 1.4 -272.58
-2.9 1.5 -44.8449
-2.9 1.6 -10.1107
-2.9 1.7 -11.6774
-2.9 1.8 -13.2441
-2.9 1.9 -14.8107
-2.9 2 -197.853
-2.9 2.1 -70.3809
-2.9 2.2 -45.6758
-2.9 2.3 -47.1391
-2.9 2.4 -50.4361
-2.9 2.5 -48.6709
-2.9 2.6 -36.4063
-2.9 2.7 -67.8754
-2.9 2.8 -58.8593
-2.9 2.9 -68.4363

-2.8 -3 -71.4082
-2.8 -2.9 -61.4602
-2.8 -2.8 -100.377
-2.8 -2.7 -87.2952
-2.8 -2.6 3.33295
-2.8 -2.5 -41.1466
-2.8 -2.4 -17.3452
-2.8 -2.3 -48.0246
-2.8 -2.2 -71.4385
-2.8 -2.1 -5.43653
-2.8 -2 -1.9934
-2.8 -1.9 36.633
-2.8 -1.8 38.1718
-2.8 -1.7 39.7107
-2.8 -1.6 41.2495
-2.8 -1.5 -198.851
-2.8 -1.4 -113.976
-2.8 -1.3 -133.377
-2.8 -1.2 -37.7338
-2.8 -1.1 -95.9814
-2.8 -1 -81.7384
-2.8 -0.9 -57.2087
-2.8 -0.8 -173.692
-2.8 -0.7 -157.656
-2.8 -0.6 -150.448
-2.8 -0.5 -143.241
-2.8 -0.4 -53.4682
-2.8 -0.3 -49.0964
-2.8 -0.2 -62.3289
-2.8 -0.1 -51.4322
-2.8 0 -85.5605
-2.8 0.1 -95.294
-2.8 0.2 -68.7895
-2.8 0.3 -102.188
-2.8 0.4 -83.465
-2.8 0.5 -112.233
-2.8 0.6 -98.6617
-2.8 0.7 -126.983
-2.8 0.8 -77.9144
-2.8 0.9 -103.24
-2.8 1 -135.42
-2.8 1.1 -122.207
-2.8 1.2 -76.9651
-2.8 1.3 -78.6358
-2.8 1.4 -115.798
-2.8 1.5 -312.517
-2.8 1.6 -6.48358
-2.8 1.7 -8.05024
-2.8 1.8 -9.61691
-2.8 1.9 -11.1836
-2.8 2 -29.3582
-2.8 2.1 -43.0639
-2.8 2.2 -35.892
-2.8 2.3 -45.2029
-2.8 2.4 -44.4024
-2.8 2.5 -40.6751
-2.8 2.6 -42.3782
-2.8 2.7 -63.6445
-2.8 2.8 -55.6321
-2.8 2.9 -64.5149

-2.7 -3 -58.2314
-2.7 -2.9 -98.1115
-2.7 -2.8 -87.7195
-2.7 -2.7 -102.173
-2.7 -2.6 -122.798
-2.7 -2.5 -72.5263
-2.7 -2.4 -133.816
-2.7 -2.3 -185.703
-2.7 -2.2 -87.6381
-2.7 -2.1 -76.6422
-2.7 -2 32.895
-2.7 -1.9 40.3521
-2.7 -1.8 41.891
-2.7 -1.7 -12.3303
-2.7 -1.6 -197.273
-2.7 -1.5 -112.279
-2.7 -1.4 -86.7831
-2.7 -1.3 -59.0667
-2.7 -1.2 -56.3554
-2.7 -1.1 -45.3768
-2.7 -1 -24.226
-2.7 -0.9 -16.5491
-2.7 -0.8 -10.9856
-2.7 -0.7 -25.3873
-2.7 -0.6 17.5578
-2.7 -0.5 -58.2404
-2.7 -0.4 -52.7246
-2.7 -0.3 -44.9575
-2.7 -0.2 9.77975
-2.7 -0.1 -1.158
-2.7 0 -76.1506
-2.7 0.1 -13.9893
-2.7 0.2 -47.2911
-2.7 0.3 -79.1887
-2.7 0.4 -111.555
-2.7 0.5 -137.99
-2.7 0.6 -12.5788
-2.7 0.7 -75.7668
-2.7 0.8 -256.929
-2.7 0.9 -71.9043
-2.7 1 -142.609
-2.7 1.1 -95.0591
-2.7 1.2 -124.333
-2.7 1.3 -134.461
-2.7 1.4 -169.836
-2.7 1.5 -168.477
-2.7 1.6 -290.792
-2.7 1.7 -67.5563
-2.7 1.8 -5.98975
-2.7 1.9 -28.4651
-2.7 2 -21.3477
-2.7 2.1 -40.9452
-2.7 2.2 -34.7601
-2.7 2.3 -56.1444
-2.7 2.4 -42.2277
-2.7 2.5 -39.0785
-2.7 2.6 -82.1188
-2.7 2.7 -59.4137
-2.7 2.8 -69.3256
-2.7 2.9 -67.0155

-2.6 -3 -91.5124
-2.6 -2.9 -31.2331
-2.6 -2.8 -128.251
-2.6 -2.7 -113.62
-2.6 -2.6 -64.3229
-2.6 -2.5 -121.936
-2.6 -2.4 -72.9413
-2.6 -2.3 -83.9089
-2.6 -2.2 -6.09144
-2.6 -2.1 -1.89199
-2.6 -2 0.114715
-2.6 -1.9 -48.6068
-2.6 -1.8 -325.672
-2.6 -1.7 -303.664
-2.6 -1.6 -114.078
-2.6 -1.5 -145.039
-2.6 -1.4 -25.787
-2.6 -1.3 -71.7282
-2.6 -1.2 -33.8902
-2.6 -1.1 -129.057
-2.6 -1 -129.675
-2.6 -0.9 -21.1365
-2.6 -0.8 -25.6644
-2.6 -0.7 -27.3591
-2.6 -0.6 6.85125
-2.6 -0.5 -2.64296
-2.6 -0.4 55.6437
-2.6 -0.3 28.655
-2.6 -0.2 99.3664
-2.6 -0.1 -71.4317
-2.6 0 18.775
-2.6 0.1 0.367082
-2.6 0.2 9.90922
-2.6 0.3 23.7058
-2.6 0.4 23.4856
-2.6 0.5 -152.615
-2.6 0.6 -98.1113
-2.6 0.7 -106.156
-2.6 0.8 -75.4747
-2.6 0.9 -94.6901
-2.6 1 -74.8285
-2.6 1.1 -315.915
-2.6 1.2 -113.395
-2.6 1.3 -126.459
-2.6 1.4 -116.011
-2.6 1.5 -88.6842
-2.6 1.6 -157.35
-2.6 1.7 -195.845
-2.6 1.8 -101.047
-2.6 1.9 -51.0732
-2.6 2 -24.7223
-2.6 2.1 -56.7561
-2.6 2.2 -33.6283
-2.6 2.3 -44.2063
-2.6 2.4 -58.2357
-2.6 2.5 -37.4819
-2.6 2.6 -75.312
-2.6 2.7 -55.5869
-2.6 2.8 -65.0948
-2.6 2.9 -56.4216

-2.5 -3 -97.8561
-2.5 -2.9 -119.072
-2.5 -2.8 -68.0662
-2.5 -2.7 -48.3527
-2.5 -2.6 -40.7284
-2.5 -2.5 -69.1034
-2.5 -2.4 -94.8608
-2.5 -2.3 -82.5308
-2.5 -2.2 -16.1941
-2.5 -2.1 -49.5862
-2.5 -2 -220.305
-2.5 -1.9 -316.281
-2.5 -1.8 -118.95
-2.5 -1.7 -56.4239
-2.5 -1.6 -28.6839
-2.5 -1.5 -80.9922
-2.5 -1.4 -39.9769
-2.5 -1.3 -82.4135
-2.5 -1.2 -2.11915
-2.5 -1.1 -21.4815
-2.5 -1 -11.1226
-2.5 -0.9 0.543931
-2.5 -0.8 -14.6418
-2.5 -0.7 -14.4983
-2.5 -0.6 29.7276
-2.5 -0.5 33.7913
-2.5 -0.4 34.8169
-2.5 -0.3 35.8425
-2.5 -0.2 28.0271
-2.5 -0.1 53.2533
-2.5 0 76.8896
-2.5 0.1 22.4526
-2.5 0.2 22.4504
-2.5 0.3 30.7054
-2.5 0.4 29.0613
-2.5 0.5 27.4171
-2.5 0.6 -6.69482
-2.5 0.7 -25.0788
-2.5 0.8 -106.981
-2.5 0.9 -129.441
-2.5 1 -86.0081
-2.5 1.1 -157.875
-2.5 1.2 -69.5591
-2.5 1.3 -113.428
-2.5 1.4 -106.831
-2.5 1.5 -72.3247
-2.5 1.6 -83.9617
-2.5 1.7 -88.9381
-2.5 1.8 -126.972
-2.5 1.9 -49.0646
-2.5 2 -23.7392
-2.5 2.1 -69.7894
-2.5 2.2 -32.4965
-2.5 2.3 -53.8297
-2.5 2.4 -54.9753
-2.5 2.5 -82.2154
-2.5 2.6 -57.9117
-2.5 2.7 -52.5869
-2.5 2.8 -60.864
-2.5 2.9 -53.1945

-2.4 -3 -49.0437
-2.4 -2.9 -4.10674
-2.4 -2.8 -44.3899
-2.4 -2.7 -118.941
-2.4 -2.6 -74.1488
-2.4 -2.5 -85.2924
-2.4 -2.4 -16.4233
-2.4 -2.3 -50.5656
-2.4 -2.2 -227.068
-2.4 -2.1 -328.898
-2.4 -2 -105.864
-2.4 -1.9 -58.9888
-2.4 -1.8 -31.5808
-2.4 -1.7 -104.865
-2.4 -1.6 -4.91343
-2.4 -1.5 -43.6986
-2.4 -1.4 -10.314
-2.4 -1.3 4.34743
-2.4 -1.2 -2.97654
-2.4 -1.1 2.5547
-2.4 -1 49.6567
-2.4 -0.9 54.7061
-2.4 -0.8 58.8203
-2.4 -0.7 71.8038
-2.4 -0.6 59.0504
-2.4 -0.5 52.3586
-2.4 -0.4 75.8159
-2.4 -0.3 91.9162
-2.4 -0.2 93.9719
-2.4 -0.1 93.0421
-2.4 0 108.722
-2.4 0.1 95.0011
-2.4 0.2 86.3054
-2.4 0.3 92.111
-2.4 0.4 -14.6026
-2.4 0.5 -0.208776
-2.4 0.6 15.7024
-2.4 0.7 -107.872
-2.4 0.8 -36.7734
-2.4 0.9 -101.343
-2.4 1 -88.6639
-2.4 1.1 -115.576
-2.4 1.2 -89.3971
-2.4 1.3 -70.1571
-2.4 1.4 -213.205
-2.4 1.5 -122.87
-2.4 1.6 -86.6744
-2.4 1.7 -104.393
-2.4 1.8 -83.4186
-2.4 1.9 -68.9251
-2.4 2 -34.5383
-2.4 2.1 -67.0349
-2.4 2.2 -25.2904
-2.4 2.3 -51.2155
-2.4 2.4 -68.4836
-2.4 2.5 -67.0392
-2.4 2.6 -53.0779
-2.4 2.7 -68.2728
-2.4 2.8 -56.6331
-2.4 2.9 -66.545

-2.3 -3 6.73324
-2.3 -2.9 -68.0876
-2.3 -2.8 -95.7056
-2.3 -2.7 -88.0539
-2.3 -2.6 -105.877
-2.3 -2.5 -51.545
-2.3 -2.4 -117.957
-2.3 -2.3 -341.515
-2.3 -2.2 -196.78
-2.3 -2.1 -61.5536
-2.3 -2 -34.4777
-2.3 -1.9 -24.9893
-2.3 -1.8 -6.90154
-2.3 -1.7 -27.5207
-2.3 -1.6 -33.7687
-2.3 -1.5 -3.84746
-2.3 -1.4 -139.005
-2.3 -1.3 -21.3768
-2.3 -1.2 36.9429
-2.3 -1.1 51.8799
-2.3 -1 112.42
-2.3 -0.9 65.4614
-2.3 -0.8 66.3599
-2.3 -0.7 68.4384
-2.3 -0.6 72.1683
-2.3 -0.5 75.8981
-2.3 -0.4 119.198
-2.3 -0.3 128.801
-2.3 -0.2 110.61
-2.3 -0.1 97.4475
-2.3 0 94.5614
-2.3 0.1 91.6754
-2.3 0.2 103.876
-2.3 0.3 89.8293
-2.3 0.4 108.235
-2.3 0.5 59.4749
-2.3 0.6 27.8552
-2.3 0.7 15.554
-2.3 0.8 -116.775
-2.3 0.9 2.26053
-2.3 1 -60.6974
-2.3 1.1 -142.97
-2.3 1.2 -52.8643
-2.3 1.3 -114.873
-2.3 1.4 -70.7551
-2.3 1.5 -48.0477
-2.3 1.6 -82.1702
-2.3 1.7 -52.1525
-2.3 1.8 -59.6965
-2.3 1.9 -64.5194
-2.3 2 -33.3439
-2.3 2.1 -63.0326
-2.3 2.2 -24.4091
-2.3 2.3 -48.6014
-2.3 2.4 -99.4743
-2.3 2.5 -93.0336
-2.3 2.6 -69.9307
-2.3 2.7 -68.6293
-2.3 2.8 -52.5566
-2.3 2.9 -62.3142

-2.2 -3 -70.9915
-2.2 -2.9 -55.8891
-2.2 -2.8 -25.8125
-2.2 -2.7 -50.1707
-2.2 -2.6 -70.231
-2.2 -2.5 -354.132
-2.2 -2.4 -205.953
-2.2 -2.3 -20.4894
-2.2 -2.2 48.5607
-2.2 -2.1 30.9043
-2.2 -2 -21.7935
-2.2 -1.9 -75.0818
-2.2 -1.8 -46.8621
-2.2 -1.7 -18.6764
-2.2 -1.6 -9.62301
-2.2 -1.5 10.8289
-2.2 -1.4 10.9451
-2.2 -1.3 17.6246
-2.2 -1.2 32.3039
-2.2 -1.1 24.9168
-2.2 -1 27.5934
-2.2 -0.9 32.0849
-2.2 -0.8 112.993
-2.2 -0.7 96.3929
-2.2 -0.6 120.033
-2.2 -0.5 90.553
-2.2 -0.4 166.728
-2.2 -0.3 167.737
-2.2 -0.2 215.182
-2.2 -0.1 184.378
-2.2 0 159.869
-2.2 0.1 185.594
-2.2 0.2 169.075
-2.2 0.3 171.029
-2.2 0.4 139.117
-2.2 0.5 162.413
-2.2 0.6 58.4052
-2.2 0.7 47.7966
-2.2 0.8 31.3933
-2.2 0.9 -15.0175
-2.2 1 11.8991
-2.2 1.1 8.94234
-2.2 1.2 -97.4423
-2.2 1.3 -103.619
-2.2 1.4 -91.8791
-2.2 1.5 -58.451
-2.2 1.6 -109.17
-2.2 1.7 -87.4025
-2.2 1.8 -62.3722
-2.2 1.9 -59.4174
-2.2 2 -43.0733
-2.2 2.1 -59.0303
-2.2 2.2 -22.3344
-2.2 2.3 -34.16
-2.2 2.4 -88.4193
-2.2 2.5 -118.03
-2.2 2.6 -97.7281
-2.2 2.7 -49.2878
-2.2 2.8 -49.5566
-2.2 2.9 -25.1708

-2.1 -3 -58.793
-2.1 -2.9 -27.2805
-2.1 -2.8 -109.46
-2.1 -2.7 -74.6924
-2.1 -2.6 -174.548
-2.1 -2.5 -108.744
-2.1 -2.4 35.7303
-2.1 -2.3 36.7345
-2.1 -2.2 29.9209
-2.1 -2.1 31.1392
-2.1 -2 -13.1564
-2.1 -1.9 8.8933
-2.1 -1.8 -36.9214
-2.1 -1.7 -8.80332
-2.1 -1.6 10.9439
-2.1 -1.5 5.91162
-2.1 -1.4 16.924
-2.1 -1.3 28.952
-2.1 -1.2 28.8048
-2.1 -1.1 30.0326
-2.1 -1 54.5597
-2.1 -0.9 86.5328
-2.1 -0.8 165.19
-2.1 -0.7 96.1757
-2.1 -0.6 122.708
-2.1 -0.5 151.365
-2.1 -0.4 65.8188
-2.1 -0.3 39.5914
-2.1 -0.2 41.1615
-2.1 -0.1 86.7383
-2.1 0 232.004
-2.1 0.1 244.87
-2.1 0.2 43.8622
-2.1 0.3 41.3045
-2.1 0.4 135.362
-2.1 0.5 65.2254
-2.1 0.6 99.1516
-2.1 0.7 62.4089
-2.1 0.8 48.8533
-2.1 0.9 13.7433
-2.1 1 -10.3113
-2.1 1.1 13.5773
-2.1 1.2 10.4945
-2.1 1.3 -31.3678
-2.1 1.4 -59.6834
-2.1 1.5 -73.0948
-2.1 1.6 -62.533
-2.1 1.7 -72.7457
-2.1 1.8 -58.2376
-2.1 1.9 -43.8246
-2.1 2 -41.4611
-2.1 2.1 -52.9999
-2.1 2.2 -21.4707
-2.1 2.3 -27.2208
-2.1 2.4 -28.1605
-2.1 2.5 -84.846
-2.1 2.6 -124.499
-2.1 2.7 -41.2534
-2.1 2.8 -50.5327
-2.1 2.9 -24.5573

-2 -3 -28.7486
-2 -2.9 -114.395
-2 -2.8 -113.424
-2 -2.7 -40.1548
-2 -2.6 -62.0376
-2 -2.5 37.0782
-2 -2.4 38.0823
-2 -2.3 39.0865
-2 -2.2 48.6851
-2 -2.1 20.3345
-2 -2 -35.9082
-2 -1.9 -36.4093
-2 -1.8 -7.98363
-2 -1.7 11.0589
-2 -1.6 22.5066
-2 -1.5 16.2235
-2 -1.4 28.7533
-2 -1.3 39.9734
-2 -1.2 48.6241
-2 -1.1 91.322
-2 -1 143.859
-2 -0.9 100.61
-2 -0.8 91.1944
-2 -0.7 143.186
-2 -0.6 154.297
-2 -0.5 222.293
-2 -0.4 230.627
-2 -0.3 185.863
-2 -0.2 117.164
-2 -0.1 73.3186
-2 0 75.8268
-2 0.1 114.299
-2 0.2 256.874
-2 0.3 275.538
-2 0.4 55.5609
-2 0.5 216.472
-2 0.6 121.951
-2 0.7 104.506
-2 0.8 87.3634
-2 0.9 49.91
-2 1 19.5915
-2 1.1 -52.4547
-2 1.2 -6.79614
-2 1.3 -31.1755
-2 1.4 -70.8174
-2 1.5 -91.8844
-2 1.6 -56.1025
-2 1.7 -162.74
-2 1.8 -57.4459
-2 1.9 -52.0588
-2 2 -39.8488
-2 2.1 -39.3216
-2 2.2 -20.607
-2 2.3 -24.9556
-2 2.4 -25.8953
-2 2.5 -26.835
-2 2.6 -96.9558
-2 2.7 -59.9871
-2 2.8 -26.2077
-2 2.9 -23.9439

-1.9 -3 -23.3556
-1.9 -2.9 -0.459736
-1.9 -2.8 -14.8752
-1.9 -2.7 -60.5396
-1.9 -2.6 9.8309
-1.9 -2.5 39.4301
-1.9 -2.4 40.4343
-1.9 -2.3 41.4384
-1.9 -2.2 20.7102
-1.9 -2.1 -36.4675
-1.9 -2 11.6382
-1.9 -1.9 23.9799
-1.9 -1.8 -16.7695
-1.9 -1.7 -100.368
-1.9 -1.6 20.9149
-1.9 -1.5 36.2185
-1.9 -1.4 43.2022
-1.9 -1.3 79.7549
-1.9 -1.2 166.337
-1.9 -1.1 118.365
-1.9 -1 82.2083
-1.9 -0.9 125.09
-1.9 -0.8 106.579
-1.9 -0.7 26.355
-1.9 -0.6 38.3607
-1.9 -0.5 50.4868
-1.9 -0.4 44.9265
-1.9 -0.3 19.9713
-1.9 -0.2 -52.7016
-1.9 -0.1 -53.7117
-1.9 0 79.7299
-1.9 0.1 31.3305
-1.9 0.2 6.91596
-1.9 0.3 109.263
-1.9 0.4 89.5283
-1.9 0.5 97.434
-1.9 0.6 268.974
-1.9 0.7 31.948
-1.9 0.8 210.849
-1.9 0.9 77.6466
-1.9 1 15.3117
-1.9 1.1 -9.35295
-1.9 1.2 -17.0711
-1.9 1.3 -45.203
-1.9 1.4 -50.6738
-1.9 1.5 -100.77
-1.9 1.6 -77.9248
-1.9 1.7 -41.2118
-1.9 1.8 -53.6759
-1.9 1.9 -32.4223
-1.9 2 -37.8268
-1.9 2.1 -33.8121
-1.9 2.2 -47.6017
-1.9 2.3 -22.6903
-1.9 2.4 -23.63
-1.9 2.5 -24.5697
-1.9 2.6 -60.3754
-1.9 2.7 -22.1939
-1.9 2.8 -25.5314
-1.9 2.9 -31.9924

-1.8 -3 -30.082
-1.8 -2.9 -35.1797
-1.8 -2.8 -41.3049
-1.8 -2.7 8.04084
-1.8 -2.6 38.0925
-1.8 -2.5 41.7821
-1.8 -2.4 42.7863
-1.8 -2.3 43.7904
-1.8 -2.2 -54.0646
-1.8 -2.1 -22.6972
-1.8 -2 -46.2069
-1.8 -1.9 -13.0045
-1.8 -1.8 12.5914
-1.8 -1.7 20.8717
-1.8 -1.6 38.3821
-1.8 -1.5 61.0243
-1.8 -1.4 95.692
-1.8 -1.3 96.5263
-1.8 -1.2 90.0769
-1.8 -1.1 144.499
-1.8 -1 65.115
-1.8 -0.9 88.297
-1.8 -0.8 29.0443
-1.8 -0.7 15.0883
-1.8 -0.6 22.0255
-1.8 -0.5 -20.3835
-1.8 -0.4 55.0297
-1.8 -0.3 -128.256
-1.8 -0.2 -274.331
-1.8 -0.1 -193.131
-1.8 0 -52.8562
-1.8 0.1 -38.2054
-1.8 0.2 -117.6
-1.8 0.3 -129.152
-1.8 0.4 108.131
-1.8 0.5 105.936
-1.8 0.6 99.601
-1.8 0.7 210.419
-1.8 0.8 33.4314
-1.8 0.9 56.0079
-1.8 1 33.9091
-1.8 1.1 9.83545
-1.8 1.2 -26.3139
-1.8 1.3 -81.2425
-1.8 1.4 -48.5888
-1.8 1.5 -89.5082
-1.8 1.6 -91.6707
-1.8 1.7 -44.3848
-1.8 1.8 -47.5378
-1.8 1.9 -59.6365
-1.8 2 -36.2407
-1.8 2.1 -32.2007
-1.8 2.2 -154.925
-1.8 2.3 -20.4251
-1.8 2.4 -21.3648
-1.8 2.5 -22.3045
-1.8 2.6 -37.2353
-1.8 2.7 -21.6033
-1.8 2.8 -24.855
-1.8 2.9 -37.9875

-1.7 -3 0.746902
-1.7 -2.9 -14.5484
-1.7 -2.8 14.8065
-1.7 -2.7 9.89571
-1.7 -2.6 43.55
-1.7 -2.5 44.1341
-1.7 -2.4 45.1383
-1.7 -2.3 13.8583
-1.7 -2.2 -148.902
-1.7 -2.1 -13.3031
-1.7 -2 -20.9655
-1.7 -1.9 -26.3959
-1.7 -1.8 19.4
-1.7 -1.7 23.9711
-1.7 -1.6 39.1431
-1.7 -1.5 89.749
-1.7 -1.4 32.2727
-1.7 -1.3 38.3097
-1.7 -1.2 70.1859
-1.7 -1.1 63.6137
-1.7 -1 76.8529
-1.7 -0.9 60.9956
-1.7 -0.8 63.7734
-1.7 -0.7 28.9616
-1.7 -0.6 -165.138
-1.7 -0.5 23.5117
-1.7 -0.4 -74.6198
-1.7 -0.3 -168.239
-1.7 -0.2 35.7904
-1.7 -0.1 -302.983
-1.7 0 -207.326
-1.7 0.1 -167.281
-1.7 0.2 49.556
-1.7 0.3 -140.329
-1.7 0.4 -173.275
-1.7 0.5 122.154
-1.7 0.6 85.0797
-1.7 0.7 101.768
-1.7 0.8 97.9161
-1.7 0.9 98.9147
-1.7 1 30.7854
-1.7 1.1 17.2236
-1.7 1.2 -6.99727
-1.7 1.3 -27.4035
-1.7 1.4 -21.5779
-1.7 1.5 -104.1
-1.7 1.6 -48.7072
-1.7 1.7 -41.8031
-1.7 1.8 -44.5893
-1.7 1.9 -55.5019
-1.7 2 -50.4337
-1.7 2.1 -101.042
-1.7 2.2 -134.934
-1.7 2.3 -61.2463
-1.7 2.4 -19.0995
-1.7 2.5 -20.0392
-1.7 2.6 -17.8597
-1.7 2.7 -21.0127
-1.7 2.8 19.029
-1.7 2.9 11.3307

-1.6 -3 -35.4211
-1.6 -2.9 23.7217
-1.6 -2.8 10.6614
-1.6 -2.7 46.795
-1.6 -2.6 53.8771
-1.6 -2.5 50.7268
-1.6 -2.4 16.813
-1.6 -2.3 -178.107
-1.6 -2.2 -40.9109
-1.6 -2.1 6.40508
-1.6 -2 11.463
-1.6 -1.9 12.3703
-1.6 -1.8 26.2086
-1.6 -1.7 27.904
-1.6 -1.6 59.4978
-1.6 -1.5 13.0538
-1.6 -1.4 14.9509
-1.6 -1.3 38.3399
-1.6 -1.2 115.355
-1.6 -1.1 79.6516
-1.6 -1 102.731
-1.6 -0.9 50.1805
-1.6 -0.8 -35.885
-1.6 -0.7 -122.425
-1.6 -0.6 -233.151
-1.6 -0.5 -162.268
-1.6 -0.4 -214.941
-1.6 -0.3 -108.851
-1.6 -0.2 -164.828
-1.6 -0.1 -8.46251
-1.6 0 -364.881
-1.6 0.1 8.88242
-1.6 0.2 -342.783
-1.6 0.3 -86.5784
-1.6 0.4 48.3928
-1.6 0.5 -63.6398
-1.6 0.6 82.1563
-1.6 0.7 83.814
-1.6 0.8 51.1486
-1.6 0.9 52.2143
-1.6 1 44.1605
-1.6 1.1 49.4967
-1.6 1.2 0.117762
-1.6 1.3 -22.891
-1.6 1.4 -8.60814
-1.6 1.5 -10.2246
-1.6 1.6 -113.274
-1.6 1.7 -50.3679
-1.6 1.8 -41.6408
-1.6 1.9 -82.4511
-1.6 2 -47.4703
-1.6 2.1 -53.6758
-1.6 2.2 -82.303
-1.6 2.3 -149.372
-1.6 2.4 -57.5709
-1.6 2.5 -46.7979
-1.6 2.6 30.0282
-1.6 2.7 75.3238
-1.6 2.8 27.1043
-1.6 2.9 4.19707

-1.5 -3 20.3947
-1.5 -2.9 15.5534
-1.5 -2.8 12.5066
-1.5 -2.7 49.0839
-1.5 -2.6 24.1634
-1.5 -2.5 14.6491
-1.5 -2.4 -116.914
-1.5 -2.3 -93.4483
-1.5 -2.2 -46.5322
-1.5 -2.1 -16.2407
-1.5 -2 2.75651
-1.5 -1.9 21.1387
-1.5 -1.8 26.9003
-1.5 -1.7 24.9699
-1.5 -1.6 35.6949
-1.5 -1.5 15.6856
-1.5 -1.4 30.9288
-1.5 -1.3 56.4523
-1.5 -1.2 45.1052
-1.5 -1.1 72.6751
-1.5 -1 43.5675
-1.5 -0.9 7.55101
-1.5 -0.8 -14.8972
-1.5 -0.7 -290.451
-1.5 -0.6 -56.4799
-1.5 -0.5 22.184
-1.5 -0.4 -391.319
-1.5 -0.3 -104.938
-1.5 -0.2 -63.0763
-1.5 -0.1 -192.897
-1.5 0 -71.9672
-1.5 0.1 -271.765
-1.5 0.2 -143.052
-1.5 0.3 -130.465
-1.5 0.4 -229.706
-1.5 0.5 48.8473
-1.5 0.6 -0.307962
-1.5 0.7 24.6875
-1.5 0.8 72.0051
-1.5 0.9 53.793
-1.5 1 15.6622
-1.5 1.1 65.4358
-1.5 1.2 5.89124
-1.5 1.3 -19.2139
-1.5 1.4 -26.6476
-1.5 1.5 -8.03935
-1.5 1.6 -81.8489
-1.5 1.7 -46.4101
-1.5 1.8 -90.4894
-1.5 1.9 -41.8434
-1.5 2 -19.8598
-1.5 2.1 -4.69726
-1.5 2.2 3.30876
-1.5 2.3 -52.6767
-1.5 2.4 -11.8826
-1.5 2.5 -18.0492
-1.5 2.6 151.672
-1.5 2.7 43.5338
-1.5 2.8 12.2052
-1.5 2.9 -8.64486

-1.4 -3 22.1931
-1.4 -2.9 17.3758
-1.4 -2.8 -12.0881
-1.4 -2.7 23.9951
-1.4 -2.6 5.45313
-1.4 -2.5 -13.7006
-1.4 -2.4 -147.815
-1.4 -2.3 -11.2456
-1.4 -2.2 -33.9366
-1.4 -2.1 -10.7154
-1.4 -2 14.2597
-1.4 -1.9 -23.4179
-1.4 -1.8 23.4835
-1.4 -1.7 30.7108
-1.4 -1.6 21.2198
-1.4 -1.5 18.3174
-1.4 -1.4 87.1728
-1.4 -1.3 46.4984
-1.4 -1.2 59.0623
-1.4 -1.1 11.6446
-1.4 -1 10.4744
-1.4 -0.9 -1.61677
-1.4 -0.8 15.4737
-1.4 -0.7 -58.3789
-1.4 -0.6 -626.081
-1.4 -0.5 -102.365
-1.4 -0.4 -159.406
-1.4 -0.3 -98.3099
-1.4 -0.2 -34.3299
-1.4 -0.1 -92.0458
-1.4 0 -22.9303
-1.4 0.1 -136.13
-1.4 0.2 -29.6203
-1.4 0.3 -116.35
-1.4 0.4 -121.859
-1.4 0.5 -76.1376
-1.4 0.6 -255.17
-1.4 0.7 1.79568
-1.4 0.8 40.8039
-1.4 0.9 43.6429
-1.4 1 57.4822
-1.4 1.1 15.4664
-1.4 1.2 23.0556
-1.4 1.3 -11.6598
-1.4 1.4 -98.3114
-1.4 1.5 -5.85404
-1.4 1.6 47.5017
-1.4 1.7 67.9054
-1.4 1.8 51.7246
-1.4 1.9 28.3704
-1.4 2 -18.8444
-1.4 2.1 -3.5536
-1.4 2.2 -43.0709
-1.4 2.3 -49.4133
-1.4 2.4 -40.5386
-1.4 2.5 46.7121
-1.4 2.6 128.028
-1.4 2.7 23.9841
-1.4 2.8 13.4842
-1.4 2.9 -6.73922

-1.3 -3 -21.5383
-1.3 -2.9 0.0874876
-1.3 -2.8 -14.2552
-1.3 -2.7 -26.9668
-1.3 -2.6 -19.2394
-1.3 -2.5 -177.021
-1.3 -2.4 -38.622
-1.3 -2.3 7.28401
-1.3 -2.2 20.1006
-1.3 -2.1 4.46205
-1.3 -2 15.2431
-1.3 -1.9 23.2215
-1.3 -1.8 20.1949
-1.3 -1.7 32.8485
-1.3 -1.6 20.2087
-1.3 -1.5 59.9878
-1.3 -1.4 59.8746
-1.3 -1.3 44.7982
-1.3 -1.2 25.4069
-1.3 -1.1 14.6137
-1.3 -1 24.275
-1.3 -0.9 -15.6374
-1.3 -0.8 26.0038
-1.3 -0.7 -224.723
-1.3 -0.6 -474.471
-1.3 -0.5 -55.5319
-1.3 -0.4 -41.6959
-1.3 -0.3 -79.3368
-1.3 -0.2 102.563
-1.3 -0.1 175.91
-1.3 0 206.443
-1.3 0.1 -142.792
-1.3 0.2 -21.6951
-1.3 0.3 -69.7951
-1.3 0.4 -54.5965
-1.3 0.5 -65.2069
-1.3 0.6 -40.4693
-1.3 0.7 -155.282
-1.3 0.8 24.8808
-1.3 0.9 52.7409
-1.3 1 73.3311
-1.3 1.1 17.7537
-1.3 1.2 -48.9108
-1.3 1.3 -22.5777
-1.3 1.4 -13.6218
-1.3 1.5 -28.5521
-1.3 1.6 117.842
-1.3 1.7 -16.1686
-1.3 1.8 11.0825
-1.3 1.9 -21.4723
-1.3 2 -17.8291
-1.3 2.1 -12.2719
-1.3 2.2 -31.3492
-1.3 2.3 -11.287
-1.3 2.4 -18.1503
-1.3 2.5 117.268
-1.3 2.6 31.2716
-1.3 2.7 -12.4214
-1.3 2.8 -4.85644
-1.3 2.9 -13.055

-1.2 -3 -53.1811
-1.2 -2.9 -10.398
-1.2 -2.8 -30.7132
-1.2 -2.7 -42.1563
-1.2 -2.6 -114.601
-1.2 -2.5 -91.7545
-1.2 -2.4 3.38379
-1.2 -2.3 15.9356
-1.2 -2.2 -9.28036
-1.2 -2.1 30.0181
-1.2 -2 6.33664
-1.2 -1.9 25.8211
-1.2 -1.8 25.7553
-1.2 -1.7 35.627
-1.2 -1.6 42.9395
-1.2 -1.5 97.109
-1.2 -1.4 48.1642
-1.2 -1.3 23.9907
-1.2 -1.2 24.095
-1.2 -1.1 38.2327
-1.2 -1 -7.68196
-1.2 -0.9 -34.5035
-1.2 -0.8 -119.732
-1.2 -0.7 15.2704
-1.2 -0.6 -20.4086
-1.2 -0.5 -28.9254
-1.2 -0.4 -30.4604
-1.2 -0.3 -39.9755
-1.2 -0.2 -203.828
-1.2 -0.1 103.172
-1.2 0 111.838
-1.2 0.1 47.1485
-1.2 0.2 168.151
-1.2 0.3 11.356
-1.2 0.4 -57.9643
-1.2 0.5 -16.927
-1.2 0.6 -1.79446
-1.2 0.7 20.7048
-1.2 0.8 -15.1921
-1.2 0.9 -102.04
-1.2 1 -8.17633
-1.2 1.1 -23.6692
-1.2 1.2 -33.1647
-1.2 1.3 -15.9011
-1.2 1.4 -28.3441
-1.2 1.5 -12.77
-1.2 1.6 30.4575
-1.2 1.7 37.3475
-1.2 1.8 -6.77182
-1.2 1.9 -20.3764
-1.2 2 10.769
-1.2 2.1 -34.5589
-1.2 2.2 38.06
-1.2 2.3 71.5103
-1.2 2.4 33.5874
-1.2 2.5 177.014
-1.2 2.6 4.63582
-1.2 2.7 -30.7299
-1.2 2.8 -2.93723
-1.2 2.9 16.7679

-1.1 -3 2.28709
-1.1 -2.9 -81.7143
-1.1 -2.8 -22.2963
-1.1 -2.7 -64.2971
-1.1 -2.6 -146.729
-1.1 -2.5 -9.18823
-1.1 -2.4 40.398
-1.1 -2.3 -27.132
-1.1 -2.2 27.225
-1.1 -2.1 11.3016
-1.1 -2 21.5643
-1.1 -1.9 28.4207
-1.1 -1.8 29.9596
-1.1 -1.7 33.3123
-1.1 -1.6 61.3353
-1.1 -1.5 35.1792
-1.1 -1.4 16.3217
-1.1 -1.3 26.5347
-1.1 -1.2 33.2056
-1.1 -1.1 -5.60084
-1.1 -1 -19.0274
-1.1 -0.9 4.85114
-1.1 -0.8 -36.6898
-1.1 -0.7 -218.852
-1.1 -0.6 -114.471
-1.1 -0.5 -41.3031
-1.1 -0.4 123.997
-1.1 -0.3 -1.97515
-1.1 -0.2 -182.019
-1.1 -0.1 -97.2839
-1.1 0 55.3803
-1.1 0.1 -20.2201
-1.1 0.2 -81.05
-1.1 0.3 -19.3025
-1.1 0.4 13.7243
-1.1 0.5 -36.4669
-1.1 0.6 -8.00914
-1.1 0.7 -16.5377
-1.1 0.8 -22.6637
-1.1 0.9 -31.9812
-1.1 1 -8.10172
-1.1 1.1 -115.992
-1.1 1.2 -3.69589
-1.1 1.3 -14.684
-1.1 1.4 -6.03659
-1.1 1.5 12.2421
-1.1 1.6 -36.7219
-1.1 1.7 -35.7748
-1.1 1.8 -5.8067
-1.1 1.9 -19.2806
-1.1 2 -5.84171
-1.1 2.1 24.502
-1.1 2.2 -11.5812
-1.1 2.3 13.0856
-1.1 2.4 69.2774
-1.1 2.5 26.1543
-1.1 2.6 -12.498
-1.1 2.7 -28.4824
-1.1 2.8 -47.2134
-1.1 2.9 -28.1233

-1 -3 -90.5945
-1 -2.9 -26.0427
-1 -2.8 -16.3076
-1 -2.7 -175.934
-1 -2.6 2.87501
-1 -2.5 40.3775
-1 -2.4 50.6426
-1 -2.3 26.9265
-1 -2.2 1.42369
-1 -2.1 15.791
-1 -2 25.636
-1 -1.9 26.824
-1 -1.8 34.9903
-1 -1.7 46.0126
-1 -1.6 86.6924
-1 -1.5 19.3434
-1 -1.4 29.6496
-1 -1.3 30.9822
-1 -1.2 38.5069
-1 -1.1 29.0966
-1 -1 6.98552
-1 -0.9 -180.606
-1 -0.8 -138.749
-1 -0.7 -25.3086
-1 -0.6 -21.7773
-1 -0.5 70.9011
-1 -0.4 76.3179
-1 -0.3 28.0985
-1 -0.2 15.6075
-1 -0.1 41.7478
-1 0 51.9882
-1 0.1 -14.8799
-1 0.2 30.2436
-1 0.3 -7.53372
-1 0.4 -47.5408
-1 0.5 50.6977
-1 0.6 106.138
-1 0.7 111.743
-1 0.8 -59.3515
-1 0.9 9.76249
-1 1 -41.8155
-1 1.1 -64.7156
-1 1.2 -13.4675
-1 1.3 -23.5408
-1 1.4 -22.4724
-1 1.5 164.109
-1 1.6 -69.0284
-1 1.7 -49.8856
-1 1.8 -4.84159
-1 1.9 -18.1847
-1 2 6.85587
-1 2.1 28.7713
-1 2.2 57.6697
-1 2.3 30.1954
-1 2.4 153.771
-1 2.5 -0.144513
-1 2.6 -32.932
-1 2.7 -56.9678
-1 2.8 -36.1257
-1 2.9 -26.8572

-0.9 -3 -20.1236
-0.9 -2.9 -39.6849
-0.9 -2.8 -112.288
-0.9 -2.7 -90.0608
-0.9 -2.6 44.4849
-0.9 -2.5 54.4393
-0.9 -2.4 27.5992
-0.9 -2.3 47.464
-0.9 -2.2 27.7782
-0.9 -2.1 25.8242
-0.9 -2 19.6634
-0.9 -1.9 17.8653
-0.9 -1.8 16.0939
-0.9 -1.7 20.4369
-0.9 -1.6 -0.666095
-0.9 -1.5 3.89829
-0.9 -1.4 0.22168
-0.9 -1.3 8.10959
-0.9 -1.2 10.3026
-0.9 -1.1 3.94782
-0.9 -1 30.4478
-0.9 -0.9 21.7789
-0.9 -0.8 60.3823
-0.9 -0.7 25.3995
-0.9 -0.6 19.099
-0.9 -0.5 -18.1267
-0.9 -0.4 119.39
-0.9 -0.3 17.006
-0.9 -0.2 14.4892
-0.9 -0.1 26.1909
-0.9 0 -26.111
-0.9 0.1 -11.9205
-0.9 0.2 34.9881
-0.9 0.3 -11.9847
-0.9 0.4 6.9828
-0.9 0.5 51.5218
-0.9 0.6 -33.3057
-0.9 0.7 -18.2876
-0.9 0.8 -32.9428
-0.9 0.9 2.49781
-0.9 1 -46.6401
-0.9 1.1 -1.76242
-0.9 1.2 -12.6255
-0.9 1.3 -17.1827
-0.9 1.4 21.143
-0.9 1.5 -14.0802
-0.9 1.6 -26.7815
-0.9 1.7 6.30948
-0.9 1.8 -23.5928
-0.9 1.9 110.091
-0.9 2 12.1732
-0.9 2.1 -17.1972
-0.9 2.2 10.429
-0.9 2.3 49.4579
-0.9 2.4 130.941
-0.9 2.5 -31.4605
-0.9 2.6 -41.3313
-0.9 2.7 -52.326
-0.9 2.8 -34.4202
-0.9 2.9 -25.591

-0.8 -3 25.1167
-0.8 -2.9 13.8267
-0.8 -2.8 -22.628
-0.8 -2.7 21.375
-0.8 -2.6 34.4083
-0.8 -2.5 33.9805
-0.8 -2.4 55.4676
-0.8 -2.3 51.344
-0.8 -2.2 35.7565
-0.8 -2.1 21.6127
-0.8 -2 15.5502
-0.8 -1.9 18.9016
-0.8 -1.8 18.1258
-0.8 -1.7 20.8515
-0.8 -1.6 1.2597
-0.8 -1.5 0.695945
-0.8 -1.4 12.5982
-0.8 -1.3 9.35395
-0.8 -1.2 11.0223
-0.8 -1.1 5.79543
-0.8 -1 24.3719
-0.8 -0.9 109.132
-0.8 -0.8 -134.387
-0.8 -0.7 -49.2872
-0.8 -0.6 -89.3988
-0.8 -0.5 -29.2473
-0.8 -0.4 39.9979
-0.8 -0.3 44.6453
-0.8 -0.2 7.78471
-0.8 -0.1 -2.41463
-0.8 0 -23.161
-0.8 0.1 -10.6801
-0.8 0.2 38.0161
-0.8 0.3 -4.37188
-0.8 0.4 -34.9201
-0.8 0.5 -35.6482
-0.8 0.6 -15.5347
-0.8 0.7 -77.1788
-0.8 0.8 -7.51152
-0.8 0.9 -136.377
-0.8 1 -72.2426
-0.8 1.1 0.172943
-0.8 1.2 -44.5746
-0.8 1.3 -14.4997
-0.8 1.4 9.72283
-0.8 1.5 -26.1148
-0.8 1.6 -24.8113
-0.8 1.7 -1.37168
-0.8 1.8 57.8285
-0.8 1.9 4.34244
-0.8 2 54.65
-0.8 2.1 50.3971
-0.8 2.2 86.84
-0.8 2.3 119.679
-0.8 2.4 -16.3213
-0.8 2.5 -30.4241
-0.8 2.6 -29.8481
-0.8 2.7 -43.7954
-0.8 2.8 -35.18
-0.8 2.9 6.42558

-0.7 -3 -5.52084
-0.7 -2.9 1.64578
-0.7 -2.8 -24.9206
-0.7 -2.7 32.6951
-0.7 -2.6 36.4521
-0.7 -2.5 36.0243
-0.7 -2.4 35.5966
-0.7 -2.3 55.2239
-0.7 -2.2 12.6397
-0.7 -2.1 17.5997
-0.7 -2 20.1571
-0.7 -1.9 19.9379
-0.7 -1.8 18.9921
-0.7 -1.7 5.36532
-0.7 -1.6 3.1855
-0.7 -1.5 2.62174
-0.7 -1.4 13.2495
-0.7 -1.3 10.5983
-0.7 -1.2 10.9824
-0.7 -1.1 11.8628
-0.7 -1 -39.9302
-0.7 -0.9 35.128
-0.7 -0.8 -42.1055
-0.7 -0.7 -71.8785
-0.7 -0.6 -26.3082
-0.7 -0.5 -10.3339
-0.7 -0.4 103.271
-0.7 -0.3 -13.1265
-0.7 -0.2 -0.671575
-0.7 -0.1 -32.3533
-0.7 0 -20.211
-0.7 0.1 -11.322
-0.7 0.2 39.0095
-0.7 0.3 8.49148
-0.7 0.4 0.318957
-0.7 0.5 -2.98816
-0.7 0.6 91.3893
-0.7 0.7 -17.4627
-0.7 0.8 -10.7255
-0.7 0.9 -64.1702
-0.7 1 -2.7032
-0.7 1.1 10.2536
-0.7 1.2 -27.9667
-0.7 1.3 16.7565
-0.7 1.4 -9.62054
-0.7 1.5 -24.1446
-0.7 1.6 -22.8411
-0.7 1.7 41.3578
-0.7 1.8 40.9317
-0.7 1.9 7.02231
-0.7 2 26.6125
-0.7 2.1 59.6456
-0.7 2.2 99.2714
-0.7 2.3 20.7006
-0.7 2.4 -28.9493
-0.7 2.5 -28.3733
-0.7 2.6 -27.7973
-0.7 2.7 -33.1079
-0.7 2.8 31.0383
-0.7 2.9 -7.61957

-0.6 -3 -3.17839
-0.6 -2.9 4.32914
-0.6 -2.8 51.0534
-0.6 -2.7 46.483
-0.6 -2.6 38.4959
-0.6 -2.5 38.0681
-0.6 -2.4 37.6404
-0.6 -2.3 59.1039
-0.6 -2.2 17.5587
-0.6 -2.1 18.8411
-0.6 -2 21.1062
-0.6 -1.9 20.9741
-0.6 -1.8 19.8583
-0.6 -1.7 6.93689
-0.6 -1.6 16.7745
-0.6 -1.5 27.9385
-0.6 -1.4 47.1278
-0.6 -1.3 45.9001
-0.6 -1.2 5.79115
-0.6 -1.1 -120.769
-0.6 -1 -37.9995
-0.6 -0.9 -81.0973
-0.6 -0.8 -143.682
-0.6 -0.7 55.4796
-0.6 -0.6 10.3738
-0.6 -0.5 -16.7272
-0.6 -0.4 1.94845
-0.6 -0.3 24.635
-0.6 -0.2 -7.44334
-0.6 -0.1 -46.0365
-0.6 0 -17.261
-0.6 0.1 -14.0622
-0.6 0.2 37.8337
-0.6 0.3 4.90719
-0.6 0.4 -21.6172
-0.6 0.5 -58.7669
-0.6 0.6 -28.2172
-0.6 0.7 -58.3604
-0.6 0.8 -86.5689
-0.6 0.9 -45.43
-0.6 1 -2.72252
-0.6 1.1 -41.857
-0.6 1.2 -17.4229
-0.6 1.3 -15.6316
-0.6 1.4 -8.8724
-0.6 1.5 -66.3896
-0.6 1.6 74.5314
-0.6 1.7 14.4477
-0.6 1.8 34.4627
-0.6 1.9 9.70218
-0.6 2 40.0988
-0.6 2.1 73.4625
-0.6 2.2 -1.88311
-0.6 2.3 22.8992
-0.6 2.4 -26.8984
-0.6 2.5 -26.3224
-0.6 2.6 -25.7464
-0.6 2.7 -20.2812
-0.6 2.8 30.6982
-0.6 2.9 -3.83563

-0.5 -3 13.9352
-0.5 -2.9 40.5467
-0.5 -2.8 49.1912
-0.5 -2.7 68.7596
-0.5 -2.6 40.5397
-0.5 -2.5 40.1119
-0.5 -2.4 39.6842
-0.5 -2.3 -5.25008
-0.5 -2.2 18.7813
-0.5 -2.1 19.8136
-0.5 -2 10.7425
-0.5 -1.9 27.3223
-0.5 -1.8 21.4968
-0.5 -1.7 27.5148
-0.5 -1.6 15.75
-0.5 -1.5 27.6398
-0.5 -1.4 27.6268
-0.5 -1.3 14.9616
-0.5 -1.2 7.16518
-0.5 -1.1 7.73379
-0.5 -1 -5.87083
-0.5 -0.9 20.3894
-0.5 -0.8 46.9917
-0.5 -0.7 21.0124
-0.5 -0.6 -58.4416
-0.5 -0.5 97.1587
-0.5 -0.4 76.767
-0.5 -0.3 41.5025
-0.5 -0.2 -10.3924
-0.5 -0.1 -41.6989
-0.5 0 -14.311
-0.5 0.1 -18.0434
-0.5 0.2 34.6875
-0.5 0.3 -40.5789
-0.5 0.4 -6.69229
-0.5 0.5 99.4361
-0.5 0.6 -22.2296
-0.5 0.7 -8.1387
-0.5 0.8 -37.4564
-0.5 0.9 16.8141
-0.5 1 -35.6562
-0.5 1.1 -75.7469
-0.5 1.2 -9.98452
-0.5 1.3 -14.4078
-0.5 1.4 -36.6991
-0.5 1.5 -24.8892
-0.5 1.6 150.335
-0.5 1.7 57.9942
-0.5 1.8 59.9102
-0.5 1.9 215.272
-0.5 2 52.6314
-0.5 2.1 -1.70377
-0.5 2.2 -0.613235
-0.5 2.3 -52.3621
-0.5 2.4 -24.8476
-0.5 2.5 -24.2716
-0.5 2.6 -23.6956
-0.5 2.7 5.90068
-0.5 2.8 110.933
-0.5 2.9 16.5176

-0.4 -3 45.9137
-0.4 -2.9 41.7837
-0.4 -2.8 50.9188
-0.4 -2.7 73.7908
-0.4 -2.6 57.1315
-0.4 -2.5 42.1557
-0.4 -2.4 13.1441
-0.4 -2.3 -111.018
-0.4 -2.2 -24.4544
-0.4 -2.1 19.7428
-0.4 -2 18.2931
-0.4 -1.9 19.6253
-0.4 -1.8 22.2077
-0.4 -1.7 18.3525
-0.4 -1.6 36.458
-0.4 -1.5 44.2683
-0.4 -1.4 11.9222
-0.4 -1.3 17.552
-0.4 -1.2 10.0356
-0.4 -1.1 35.303
-0.4 -1 30.1015
-0.4 -0.9 35.9275
-0.4 -0.8 -138.456
-0.4 -0.7 -147.368
-0.4 -0.6 -28.2856
-0.4 -0.5 -45.7995
-0.4 -0.4 -33.2626
-0.4 -0.3 -46.5365
-0.4 -0.2 -10.3282
-0.4 -0.1 -31.6923
-0.4 0 -11.361
-0.4 0.1 -21.239
-0.4 0.2 30.138
-0.4 0.3 22.8219
-0.4 0.4 -11.1941
-0.4 0.5 42.0138
-0.4 0.6 68.5424
-0.4 0.7 -27.6963
-0.4 0.8 -49.3612
-0.4 0.9 8.81383
-0.4 1 -43.2438
-0.4 1.1 -27.8161
-0.4 1.2 -9.81904
-0.4 1.3 -13.1839
-0.4 1.4 10.1661
-0.4 1.5 1.79375
-0.4 1.6 44.779
-0.4 1.7 43.7824
-0.4 1.8 17.2004
-0.4 1.9 -17.3969
-0.4 2 -14.3645
-0.4 2.1 -0.455232
-0.4 2.2 4.97405
-0.4 2.3 -48.7904
-0.4 2.4 -49.7199
-0.4 2.5 -22.2207
-0.4 2.6 -20.4371
-0.4 2.7 137.061
-0.4 2.8 23.2497
-0.4 2.9 24.7637

-0.3 -3 47.1888
-0.3 -2.9 43.0208
-0.3 -2.8 13.3947
-0.3 -2.7 11.1219
-0.3 -2.6 46.5415
-0.3 -2.5 31.1881
-0.3 -2.4 -99.4285
-0.3 -2.3 -23.3146
-0.3 -2.2 -16.3877
-0.3 -2.1 7.85644
-0.3 -2 16.7138
-0.3 -1.9 22.267
-0.3 -1.8 24.4928
-0.3 -1.7 31.7171
-0.3 -1.6 49.1876
-0.3 -1.5 28.3967
-0.3 -1.4 17.0362
-0.3 -1.3 14.1543
-0.3 -1.2 6.85989
-0.3 -1.1 7.72856
-0.3 -1 25.6345
-0.3 -0.9 -55.9345
-0.3 -0.8 -44.7874
-0.3 -0.7 -31.9324
-0.3 -0.6 0.983093
-0.3 -0.5 -27.8208
-0.3 -0.4 42.705
-0.3 -0.3 29.0268
-0.3 -0.2 -8.60897
-0.3 -0.1 -24.6764
-0.3 0 -8.41098
-0.3 0.1 -22.4058
-0.3 0.2 25.0144
-0.3 0.3 19.3665
-0.3 0.4 -6.46597
-0.3 0.5 -38.8299
-0.3 0.6 -21.0198
-0.3 0.7 9.32094
-0.3 0.8 0.929067
-0.3 0.9 -110.623
-0.3 1 -64.6541
-0.3 1.1 -1.40181
-0.3 1.2 -9.01855
-0.3 1.3 74.0117
-0.3 1.4 -19.0035
-0.3 1.5 142.254
-0.3 1.6 -35.6152
-0.3 1.7 20.4161
-0.3 1.8 -2.1685
-0.3 1.9 -16.3324
-0.3 2 -13.3857
-0.3 2.1 0.56618
-0.3 2.2 -37.465
-0.3 2.3 -45.2188
-0.3 2.4 -7.97996
-0.3 2.5 -41.1796
-0.3 2.6 24.1171
-0.3 2.7 112.226
-0.3 2.8 17.1948
-0.3 2.9 7.87695

-0.2 -3 0.165004
-0.2 -2.9 -11.5622
-0.2 -2.8 10.3615
-0.2 -2.7 41.8849
-0.2 -2.6 20.9169
-0.2 -2.5 -20.3585
-0.2 -2.4 -110.234
-0.2 -2.3 8.35005
-0.2 -2.2 19.9768
-0.2 -2.1 17.5572
-0.2 -2 12.2499
-0.2 -1.9 24.9088
-0.2 -1.8 28.2004
-0.2 -1.7 31.8261
-0.2 -1.6 71.4194
-0.2 -1.5 16.8334
-0.2 -1.4 4.42753
-0.2 -1.3 7.3923
-0.2 -1.2 7.61961
-0.2 -1.1 9.61261
-0.2 -1 -67.2068
-0.2 -0.9 -31.5597
-0.2 -0.8 -139.1
-0.2 -0.7 13.2101
-0.2 -0.6 -25.0446
-0.2 -0.5 -26.7487
-0.2 -0.4 -60.0606
-0.2 -0.3 38.051
-0.2 -0.2 -5.13931
-0.2 -0.1 -20.447
-0.2 0 -5.46098
-0.2 0.1 -21.2767
-0.2 0.2 20.1767
-0.2 0.3 -63.7197
-0.2 0.4 -3.66334
-0.2 0.5 -19.2293
-0.2 0.6 -27.4802
-0.2 0.7 0.0729394
-0.2 0.8 -105.279
-0.2 0.9 -17.8135
-0.2 1 1.62326
-0.2 1.1 0.510003
-0.2 1.2 -17.8501
-0.2 1.3 -4.31678
-0.2 1.4 50.4282
-0.2 1.5 81.5521
-0.2 1.6 -76.0095
-0.2 1.7 -51.418
-0.2 1.8 -1.25283
-0.2 1.9 -15.268
-0.2 2 13.7176
-0.2 2.1 -8.0721
-0.2 2.2 -26.2202
-0.2 2.3 -8.26615
-0.2 2.4 -35.6901
-0.2 2.5 0.0126391
-0.2 2.6 137.845
-0.2 2.7 24.8228
-0.2 2.8 25.4409
-0.2 2.9 12.256

-0.1 -3 -31.6972
-0.1 -2.9 22.0603
-0.1 -2.8 12.2437
-0.1 -2.7 -10.2106
-0.1 -2.6 3.93948
-0.1 -2.5 -98.1347
-0.1 -2.4 -22.0314
-0.1 -2.3 14.8452
-0.1 -2.2 2.06517
-0.1 -2.1 11.751
-0.1 -2 20.4789
-0.1 -1.9 24.1454
-0.1 -1.8 33.0983
-0.1 -1.7 50.2094
-0.1 -1.6 -2.40456
-0.1 -1.5 -2.03328
-0.1 -1.4 8.18398
-0.1 -1.3 8.62642
-0.1 -1.2 -4.65265
-0.1 -1.1 -20.2661
-0.1 -1 -52.3776
-0.1 -0.9 -209.219
-0.1 -0.8 33.3189
-0.1 -0.7 -62.6359
-0.1 -0.6 -27.6351
-0.1 -0.5 14.0851
-0.1 -0.4 4.92289
-0.1 -0.3 -63.8506
-0.1 -0.2 -0.124008
-0.1 -0.1 -18.6819
-0.1 0 -2.51098
-0.1 0.1 -17.5327
-0.1 0.2 16.3319
-0.1 0.3 32.5845
-0.1 0.4 20.4269
-0.1 0.5 -66.7601
-0.1 0.6 38.0766
-0.1 0.7 -37.3623
-0.1 0.8 -39.0154
-0.1 0.9 32.9122
-0.1 1 2.00115
-0.1 1.1 -10.6825
-0.1 1.2 -1.50994
-0.1 1.3 -1.67977
-0.1 1.4 29.6569
-0.1 1.5 -25.5698
-0.1 1.6 -25.1985
-0.1 1.7 11.4377
-0.1 1.8 -0.337157
-0.1 1.9 -14.2035
-0.1 2 -2.38694
-0.1 2.1 23.0369
-0.1 2.2 38.8228
-0.1 2.3 -6.45049
-0.1 2.4 -15.2867
-0.1 2.5 25.5257
-0.1 2.6 113.52
-0.1 2.7 2.84217
-0.1 2.8 11.4338
-0.1 2.9 36.7711

0 -3 18.4669
0 -2.9 15.2467
0 -2.8 -10.6543
0 -2.7 22.5319
0 -2.6 -18.7854
0 -2.5 -109.45
0 -2.4 8.99297
0 -2.3 18.9929
0 -2.2 23.1384
0 -2.1 16.1258
0 -2 23.5624
0 -1.9 28.097
0 -1.8 11.7768
0 -1.7 15.6894
0 -1.6 -0.456577
0 -1.5 -0.0852985
0 -1.4 8.88371
0 -1.3 9.68864
0 -1.2 -13.6289
0 -1.1 -112.497
0 -1 -17.2991
0 -0.9 19.0902
0 -0.8 -133.285
0 -0.7 -57.3921
0 -0.6 -8.18504
0 -0.5 94.4385
0 -0.4 -75.4041
0 -0.3 27.4761
0 -0.2 6.10216
0 -0.1 -19.0579
0 0 0.439021
0 0.1 -11.7248
0 0.2 14.0058
0 0.3 27.2285
0 0.4 3.16525
0 0.5 139.682
0 0.6 -12.2858
0 0.7 -49.5685
0 0.8 -110.446
0 0.9 11.9715
0 1 -26.8924
0 1.1 -62.4692
0 1.2 1.94602
0 1.3 19.4141
0 1.4 -5.14526
0 1.5 -23.6218
0 1.6 -23.2505
0 1.7 12.7513
0 1.8 -19.4644
0 1.9 38.303
0 2 10.4171
0 2.1 28.7907
0 2.2 -7.68932
0 2.3 12.9575
0 2.4 32.9087
0 2.5 138.629
0 2.6 26.3959
0 2.7 -12.2645
0 2.8 11.9758
0 2.9 -6.783

0.1 -3 20.3114
0.1 -2.9 -46.9538
0.1 -2.8 -10.7194
0.1 -2.7 5.39574
0.1 -2.6 -96.8409
0.1 -2.5 6.39425
0.1 -2.4 34.9094
0.1 -2.3 22.2824
0.1 -2.2 7.26581
0.1 -2.1 21.1445
0.1 -2 16.7576
0.1 -1.9 13.955
0.1 -1.8 14.3701
0.1 -1.7 17.003
0.1 -1.6 1.49141
0.1 -1.5 1.86269
0.1 -1.4 29.9195
0.1 -1.3 2.18877
0.1 -1.2 -20.2113
0.1 -1.1 22.4264
0.1 -1 26.9164
0.1 -0.9 88.3254
0.1 -0.8 -44.7355
0.1 -0.7 5.82739
0.1 -0.6 7.3073
0.1 -0.5 -57.2655
0.1 -0.4 -30.4552
0.1 -0.3 33.1924
0.1 -0.2 13.2132
0.1 -0.1 -20.1392
0.1 0 3.38902
0.1 0.1 -5.74288
0.1 0.2 13.6133
0.1 0.3 -66.6158
0.1 0.4 44.2988
0.1 0.5 18.0259
0.1 0.6 -30.7953
0.1 0.7 -71.272
0.1 0.8 11.3469
0.1 0.9 -163.98
0.1 1 -35.4833
0.1 1.1 -17.2684
0.1 1.2 -9.13575
0.1 1.3 -14.75
0.1 1.4 -4.44553
0.1 1.5 -21.6738
0.1 1.6 -21.3025
0.1 1.7 94.2741
0.1 1.8 63.5292
0.1 1.9 38.5938
0.1 2 14.9622
0.1 2.1 33.1655
0.1 2.2 54.5277
0.1 2.3 17.1051
0.1 2.4 57.692
0.1 2.5 114.814
0.1 2.6 4.29843
0.1 2.7 10.925
0.1 2.8 -4.38201
0.1 2.9 -12.423

0.2 -3 -21.626
0.2 -2.9 -10.9346
0.2 -2.8 -26.0768
0.2 -2.7 -17.2123
0.2 -2.6 -108.666
0.2 -2.5 28.6532
0.2 -2.4 40.5577
0.2 -2.3 24.0981
0.2 -2.2 20.9029
0.2 -2.1 17.2848
0.2 -2 14.8011
0.2 -1.9 15.0194
0.2 -1.8 15.2858
0.2 -1.7 5.39623
0.2 -1.6 12.119
0.2 -1.5 35.4272
0.2 -1.4 3.86163
0.2 -1.3 4.82578
0.2 -1.2 -19.6845
0.2 -1.1 9.54888
0.2 -1 24.3609
0.2 -0.9 11.3027
0.2 -0.8 -125.966
0.2 -0.7 6.22565
0.2 -0.6 -24.4774
0.2 -0.5 -16.4846
0.2 -0.4 -81.2668
0.2 -0.3 -63.401
0.2 -0.2 20.8738
0.2 -0.1 -19.9571
0.2 0 6.33902
0.2 0.1 -0.944178
0.2 0.2 15.56
0.2 0.3 37.107
0.2 0.4 13.0028
0.2 0.5 -32.5519
0.2 0.6 1.872
0.2 0.7 9.26082
0.2 0.8 -114.317
0.2 0.9 -46.3818
0.2 1 -49.0858
0.2 1.1 -4.3898
0.2 1.2 -6.55524
0.2 1.3 -13.5159
0.2 1.4 -45.0021
0.2 1.5 -24.3091
0.2 1.6 93.2941
0.2 1.7 126.221
0.2 1.8 46.4109
0.2 1.9 9.07076
0.2 2 53.8376
0.2 2.1 44.4451
0.2 2.2 11.6471
0.2 2.3 33.5516
0.2 2.4 139.413
0.2 2.5 27.969
0.2 2.6 -10.6495
0.2 2.7 -25.8001
0.2 2.8 -2.49979
0.2 2.9 11.2643

0.3 -3 -48.2139
0.3 -2.9 -6.55547
0.3 -2.8 -17.8307
0.3 -2.7 -95.547
0.3 -2.6 7.80288
0.3 -2.5 44.537
0.3 -2.4 23.8119
0.3 -2.3 37.6887
0.3 -2.2 26.3974
0.3 -2.1 14.8484
0.3 -2 15.6409
0.3 -1.9 16.0839
0.3 -1.8 16.2014
0.3 -1.7 22.7885
0.3 -1.6 12.5314
0.3 -1.5 42.1008
0.3 -1.4 7.17217
0.3 -1.3 -77.1677
0.3 -1.2 3.57626
0.3 -1.1 11.4607
0.3 -1 -85.6931
0.3 -0.9 -114.051
0.3 -0.8 20.0335
0.3 -0.7 -46.88
0.3 -0.6 -16.3204
0.3 -0.5 -33.5492
0.3 -0.4 -57.8376
0.3 -0.3 20.2811
0.3 -0.2 28.6378
0.3 -0.1 -17.8824
0.3 0 9.28902
0.3 0.1 2.42661
0.3 0.2 20.2604
0.3 0.3 27.2536
0.3 0.4 71.7428
0.3 0.5 -31.1924
0.3 0.6 -2.76456
0.3 0.7 -31.6721
0.3 0.8 -37.3739
0.3 0.9 -38.3613
0.3 1 3.91791
0.3 1.1 -2.50575
0.3 1.2 -5.79553
0.3 1.3 21.1158
0.3 1.4 25.5356
0.3 1.5 9.66333
0.3 1.6 170.548
0.3 1.7 93.5911
0.3 1.8 39.2524
0.3 1.9 11.7125
0.3 2 27.4676
0.3 2.1 54.1459
0.3 2.2 83.1803
0.3 2.3 58.9753
0.3 2.4 116.108
0.3 2.5 -17.6541
0.3 2.6 -28.1358
0.3 2.7 -3.48886
0.3 2.8 -22.9774
0.3 2.9 -24.9327

0.4 -3 1.50323
0.4 -2.9 -25.3996
0.4 -2.8 -15.6392
0.4 -2.7 -107.882
0.4 -2.6 37.8664
0.4 -2.5 27.6282
0.4 -2.4 45.8332
0.4 -2.3 41.2603
0.4 -2.2 12.4849
0.4 -2.1 15.8698
0.4 -2 16.6197
0.4 -1.9 17.1483
0.4 -1.8 17.2211
0.4 -1.7 24.2228
0.4 -1.6 25.3515
0.4 -1.5 14.5646
0.4 -1.4 3.00402
0.4 -1.3 5.41184
0.4 -1.2 4.37676
0.4 -1.1 -18.8132
0.4 -1 -60.5897
0.4 -0.9 14.6216
0.4 -0.8 -119.917
0.4 -0.7 -28.5916
0.4 -0.6 36.0763
0.4 -0.5 38.6346
0.4 -0.4 -81.2751
0.4 -0.3 27.6654
0.4 -0.2 35.8777
0.4 -0.1 -14.1554
0.4 0 12.239
0.4 0.1 4.12582
0.4 0.2 27.9988
0.4 0.3 -50.4198
0.4 0.4 29.3836
0.4 0.5 -57.7696
0.4 0.6 -31.8489
0.4 0.7 -105.923
0.4 0.8 -110.764
0.4 0.9 24.5871
0.4 1 5.06002
0.4 1.1 -0.107933
0.4 1.2 11.1536
0.4 1.3 5.31584
0.4 1.4 -15.8403
0.4 1.5 48.4233
0.4 1.6 54.4142
0.4 1.7 -5.75162
0.4 1.8 61.7153
0.4 1.9 14.3543
0.4 2 41.192
0.4 2.1 11.9868
0.4 2.2 92.9259
0.4 2.3 140.197
0.4 2.4 -13.3428
0.4 2.5 -25.6978
0.4 2.6 -34.6033
0.4 2.7 -46.6283
0.4 2.8 -31.1076
0.4 2.9 -23.6956

0.5 -3 -79.8792
0.5 -2.9 -17.1535
0.5 -2.8 -94.2532
0.5 -2.7 10.7126
0.5 -2.6 29.1031
0.5 -2.5 29.6791
0.5 -2.4 30.2551
0.5 -2.3 44.832
0.5 -2.2 15.8159
0.5 -2.1 17.0013
0.5 -2 14.1851
0.5 -1.9 13.4181
0.5 -1.8 18.3035
0.5 -1.7 25.1147
0.5 -1.6 24.7903
0.5 -1.5 11.1476
0.5 -1.4 9.56496
0.5 -1.3 6.63571
0.5 -1.2 -20.0793
0.5 -1.1 -230.285
0.5 -1 -26.1841
0.5 -0.9 29.2479
0.5 -0.8 -41.9241
0.5 -0.7 -2.97619
0.5 -0.6 -19.107
0.5 -0.5 59.3603
0.5 -0.4 -75.562
0.5 -0.3 -45.5954
0.5 -0.2 41.8133
0.5 -0.1 -8.96466
0.5 0 15.189
0.5 0.1 1.7752
0.5 0.2 38.7595
0.5 0.3 34.1942
0.5 0.4 98.2375
0.5 0.5 166.824
0.5 0.6 -36.7639
0.5 0.7 15.1423
0.5 0.8 19.7405
0.5 0.9 15.3937
0.5 1 -16.0257
0.5 1.1 -11.9492
0.5 1.2 27.3008
0.5 1.3 7.90632
0.5 1.4 77.3826
0.5 1.5 270.513
0.5 1.6 -33.4175
0.5 1.7 51.605
0.5 1.8 20.5886
0.5 1.9 31.2917
0.5 2 51.2598
0.5 2.1 -0.0724976
0.5 2.2 -0.471992
0.5 2.3 21.8461
0.5 2.4 -23.2262
0.5 2.5 -23.654
0.5 2.6 -24.0818
0.5 2.7 -41.597
0.5 2.8 -29.38
0.5 2.9 -22.4586

0.6 -3 -18.1771
0.6 -2.9 12.065
0.6 -2.8 -16.0162
0.6 -2.7 28.0111
0.6 -2.6 31.1539
0.6 -2.5 31.7299
0.6 -2.4 32.3059
0.6 -2.3 -2.62583
0.6 -2.2 17.0858
0.6 -2.1 7.40766
0.6 -2 18.474
0.6 -1.9 17.0274
0.6 -1.8 19.4671
0.6 -1.7 20.3656
0.6 -1.6 47.8826
0.6 -1.5 17.391
0.6 -1.4 3.67934
0.6 -1.3 7.85958
0.6 -1.2 -32.4883
0.6 -1.1 -22.6744
0.6 -1 21.67
0.6 -0.9 -57.7023
0.6 -0.8 -104.834
0.6 -0.7 -49.7254
0.6 -0.6 -22.7404
0.6 -0.5 -48.6149
0.6 -0.4 -79.0299
0.6 -0.3 7.9763
0.6 -0.2 45.695
0.6 -0.1 -3.47463
0.6 0 18.139
0.6 0.1 -2.39643
0.6 0.2 52.6805
0.6 0.3 18.4388
0.6 0.4 52.5326
0.6 0.5 -12.5663
0.6 0.6 6.65417
0.6 0.7 11.675
0.6 0.8 -114.33
0.6 0.9 -82.9508
0.6 1 -22.9581
0.6 1.1 35.6896
0.6 1.2 22.6615
0.6 1.3 104.995
0.6 1.4 45.5638
0.6 1.5 -3.00106
0.6 1.6 -7.79188
0.6 1.7 -29.2222
0.6 1.8 1.12052
0.6 1.9 -12.7363
0.6 2 -10.7314
0.6 2.1 0.900029
0.6 2.2 0.750563
0.6 2.3 -48.1272
0.6 2.4 -21.1825
0.6 2.5 -21.6102
0.6 2.6 -22.038
0.6 2.7 -27.2486
0.6 2.8 -30.7247
0.6 2.9 3.63373

0.7 -3 22.8278
0.7 -2.9 16.9989
0.7 -2.8 -15.6777
0.7 -2.7 37.9778
0.7 -2.6 33.2047
0.7 -2.5 33.7807
0.7 -2.4 34.3567
0.7 -2.3 -0.427216
0.7 -2.2 -7.88407
0.7 -2.1 7.00738
0.7 -2 15.392
0.7 -1.9 19.7072
0.7 -1.8 22.0103
0.7 -1.7 28.7726
0.7 -1.6 -2.67149
0.7 -1.5 -1.36798
0.7 -1.4 4.42749
0.7 -1.3 -30.2765
0.7 -1.2 -46.572
0.7 -1.1 51.1981
0.7 -1 20.8988
0.7 -0.9 -52.5922
0.7 -0.8 7.57012
0.7 -0.7 -27.7356
0.7 -0.6 59.7151
0.7 -0.5 0.69133
0.7 -0.4 -22.223
0.7 -0.3 20.6858
0.7 -0.2 47.0351
0.7 -0.1 0.366427
0.7 0 21.089
0.7 0.1 2.77489
0.7 0.2 68.1074
0.7 0.3 -18.3603
0.7 0.4 20.524
0.7 0.5 -19.1524
0.7 0.6 -30.5014
0.7 0.7 -65.8275
0.7 0.8 -32.9731
0.7 0.9 1.57548
0.7 1 -25.8694
0.7 1.1 1.5677
0.7 1.2 -6.59021
0.7 1.3 -15.6509
0.7 1.4 -1.42123
0.7 1.5 -22.1106
0.7 1.6 -22.6743
0.7 1.7 -45.8475
0.7 1.8 1.98676
0.7 1.9 -11.7
0.7 2 -9.78231
0.7 2.1 2.23402
0.7 2.2 5.03355
0.7 2.3 -44.2473
0.7 2.4 -19.1387
0.7 2.5 -19.5664
0.7 2.6 -19.9942
0.7 2.7 -16.8505
0.7 2.8 27.2057
0.7 2.9 6.3171

0.8 -3 -3.26865
0.8 -2.9 3.35988
0.8 -2.8 43.3137
0.8 -2.7 49.1497
0.8 -2.6 35.2556
0.8 -2.5 35.8316
0.8 -2.4 10.1104
0.8 -2.3 -44.6911
0.8 -2.2 -4.00079
0.8 -2.1 16.4194
0.8 -2 12.8585
0.8 -1.9 22.3871
0.8 -1.8 25.2804
0.8 -1.7 11.415
0.8 -1.6 -0.701312
0.8 -1.5 0.60219
0.8 -1.4 9.84116
0.8 -1.3 -7.79869
0.8 -1.2 -47.1649
0.8 -1.1 12.6605
0.8 -1 -94.3889
0.8 -0.9 -172.563
0.8 -0.8 -98.9942
0.8 -0.7 -27.9217
0.8 -0.6 -11.9781
0.8 -0.5 -28.6386
0.8 -0.4 -77.0934
0.8 -0.3 -19.1729
0.8 -0.2 45.7148
0.8 -0.1 1.77993
0.8 0 24.039
0.8 0.1 21.6789
0.8 0.2 80.8236
0.8 0.3 23.4883
0.8 0.4 79.5003
0.8 0.5 -35.048
0.8 0.6 -72.9116
0.8 0.7 -61.326
0.8 0.8 -42.035
0.8 0.9 46.4462
0.8 1 3.53279
0.8 1.1 -6.41539
0.8 1.2 -4.00058
0.8 1.3 -14.4065
0.8 1.4 -0.769915
0.8 1.5 -20.1848
0.8 1.6 -20.7485
0.8 1.7 15.5215
0.8 1.8 2.85299
0.8 1.9 -10.6638
0.8 2 14.7617
0.8 2.1 -5.98711
0.8 2.2 -31.7976
0.8 2.3 -40.3673
0.8 2.4 -41.5124
0.8 2.5 -17.5226
0.8 2.6 -17.9504
0.8 2.7 -5.39398
0.8 2.8 25.9222
0.8 2.9 -4.65736

0.9 -3 -0.950361
0.9 -2.9 35.9547
0.9 -2.8 42.9019
0.9 -2.7 58.35
0.9 -2.6 47.6127
0.9 -2.5 37.2463
0.9 -2.4 -80.9961
0.9 -2.3 7.51856
0.9 -2.2 18.7392
0.9 -2.1 19.3777
0.9 -2 17.4131
0.9 -1.9 27.7225
0.9 -1.8 8.46665
0.9 -1.7 10.5176
0.9 -1.6 1.26886
0.9 -1.5 14.1247
0.9 -1.4 -19.9863
0.9 -1.3 -5.1157
0.9 -1.2 0.755283
0.9 -1.1 14.5959
0.9 -1 -62.8024
0.9 -0.9 11.0678
0.9 -0.8 -36.4563
0.9 -0.7 -9.73686
0.9 -0.6 -26.9112
0.9 -0.5 48.5323
0.9 -0.4 40.9603
0.9 -0.3 -5.97833
0.9 -0.2 41.9479
0.9 -0.1 1.06027
0.9 0 26.989
0.9 0.1 41.7986
0.9 0.2 86.3247
0.9 0.3 2.78448
0.9 0.4 -76.5872
0.9 0.5 -34.4825
0.9 0.6 15.0086
0.9 0.7 20.894
0.9 0.8 26.4593
0.9 0.9 14.9361
0.9 1 5.50174
0.9 1.1 -4.56778
0.9 1.2 -3.28089
0.9 1.3 -13.1621
0.9 1.4 -52.1816
0.9 1.5 -81.9322
0.9 1.6 -18.8227
0.9 1.7 6.39288
0.9 1.8 -15.0492
0.9 1.9 -9.62748
0.9 2 -0.238341
0.9 2.1 -23.2455
0.9 2.2 -21.4293
0.9 2.3 -36.4874
0.9 2.4 -5.47964
0.9 2.5 -34.4584
0.9 2.6 -18.4537
0.9 2.7 72.3066
0.9 2.8 93.4082
0.9 2.9 31.2943

1 -3 13.3651
1 -2.9 37.2208
1 -2.8 44.6074
1 -2.7 62.9918
1 -2.6 38.8559
1 -2.5 8.15808
1 -2.4 -76.011
1 -2.3 15.9592
1 -2.2 8.98322
1 -2.1 13.5314
1 -2 19.8737
1 -1.9 9.6892
1 -1.8 10.1662
1 -1.7 4.03864
1 -1.6 7.11519
1 -1.5 -47.1901
1 -1.4 2.63149
1 -1.3 -28.2459
1 -1.2 1.59729
1 -1.1 -70.5914
1 -1 -31.9821
1 -0.9 51.2107
1 -0.8 -76.7256
1 -0.7 35.7986
1 -0.6 77.562
1 -0.5 3.39041
1 -0.4 -75.4912
1 -0.3 13.6703
1 -0.2 36.1325
1 -0.1 -1.55045
1 0 -96.436
1 0.1 51.3643
1 0.2 80.9703
1 0.3 19.7216
1 0.4 106.567
1 0.5 186.443
1 0.6 -26.8258
1 0.7 -26.0768
1 0.8 -106.203
1 0.9 -141.009
1 1 -4.13706
1 1.1 -5.12958
1 1.2 38.5195
1 1.3 223.639
1 1.4 38.2812
1 1.5 -21.0505
1 1.6 101.794
1 1.7 55.2075
1 1.8 63.218
1 1.9 102.298
1 2 11.7507
1 2.1 25.5432
1 2.2 36.236
1 2.3 -4.80691
1 2.4 -30.7893
1 2.5 -13.58
1 2.6 15.6515
1 2.7 145.716
1 2.8 17.7631
1 2.9 17.6041

1.1 -3 41.0836
1.1 -2.9 38.4869
1.1 -2.8 12.3118
1.1 -2.7 34.4965
1.1 -2.6 17.8924
1.1 -2.5 -11.8142
1.1 -2.4 -7.05757
1.1 -2.3 16.4953
1.1 -2.2 18.9835
1.1 -2.1 17.8006
1.1 -2 13.5386
1.1 -1.9 10.7851
1.1 -1.8 11.1313
1.1 -1.7 2.86315
1.1 -1.6 10.2075
1.1 -1.5 7.32188
1.1 -1.4 -10.8968
1.1 -1.3 5.07437
1.1 -1.2 29.742
1.1 -1.1 -172.674
1.1 -1 15.4075
1.1 -0.9 -8.87231
1.1 -0.8 -3.47052
1.1 -0.7 -16.6849
1.1 -0.6 -3.66259
1.1 -0.5 -21.5886
1.1 -0.4 60.8307
1.1 -0.3 -22.5914
1.1 -0.2 -77.3255
1.1 -0.1 -38.5376
1.1 0 106.697
1.1 0.1 -99.6851
1.1 0.2 -146.003
1.1 0.3 -18.5559
1.1 0.4 135.471
1.1 0.5 -38.2015
1.1 0.6 -102.072
1.1 0.7 -177.349
1.1 0.8 -26.5414
1.1 0.9 -12.9348
1.1 1 -6.36955
1.1 1.1 39.3299
1.1 1.2 54.8734
1.1 1.3 15.6197
1.1 1.4 -13.3076
1.1 1.5 19.7362
1.1 1.6 175.329
1.1 1.7 24.7547
1.1 1.8 47.12
1.1 1.9 8.966
1.1 2 15.5489
1.1 2.1 30.0326
1.1 2.2 -5.23451
1.1 2.3 62.5492
1.1 2.4 -13.6005
1.1 2.5 32.5167
1.1 2.6 116.51
1.1 2.7 54.7052
1.1 2.8 13.8577
1.1 2.9 47.2213

1.2 -3 42.3734
1.2 -2.9 -12.4077
1.2 -2.8 10.4246
1.2 -2.7 36.744
1.2 -2.6 2.95975
1.2 -2.5 -99.2538
1.2 -2.4 12.5673
1.2 -2.3 -3.1274
1.2 -2.2 9.63849
1.2 -2.1 14.0198
1.2 -2 12.2815
1.2 -1.9 11.881
1.2 -1.8 12.0964
1.2 -1.7 10.8734
1.2 -1.6 10.9728
1.2 -1.5 4.76239
1.2 -1.4 15.09
1.2 -1.3 6.29144
1.2 -1.2 -48.5825
1.2 -1.1 10.8631
1.2 -1 15.9877
1.2 -0.9 -106.249
1.2 -0.8 68.8359
1.2 -0.7 16.4
1.2 -0.6 -7.07934
1.2 -0.5 -16.1335
1.2 -0.4 -48.3175
1.2 -0.3 15.0061
1.2 -0.2 149.194
1.2 -0.1 53.4791
1.2 0 90.0384
1.2 0.1 109.397
1.2 0.2 -122.176
1.2 0.3 -47.0748
1.2 0.4 -24.3665
1.2 0.5 -39.8535
1.2 0.6 -25.2175
1.2 0.7 3.16486
1.2 0.8 -87.1947
1.2 0.9 -18.0168
1.2 1 2.66962
1.2 1.1 38.7936
1.2 1.2 42.163
1.2 1.3 18.1637
1.2 1.4 98.2107
1.2 1.5 186.17
1.2 1.6 58.2806
1.2 1.7 62.0197
1.2 1.8 39.8769
1.2 1.9 11.5656
1.2 2 49.8211
1.2 2.1 -10.013
1.2 2.2 47.5707
1.2 2.3 14.2557
1.2 2.4 28.6682
1.2 2.5 74.0003
1.2 2.6 95.7211
1.2 2.7 33.7657
1.2 2.8 22.2746
1.2 2.9 7.82313

1.3 -3 0.589046
1.3 -2.9 18.76
1.3 -2.8 12.3438
1.3 -2.7 17.8157
1.3 -2.6 -16.9314
1.3 -2.5 -42.2798
1.3 -2.4 29.5625
1.3 -2.3 19.2708
1.3 -2.2 15.3971
1.3 -2.1 14.2765
1.3 -2 11.7746
1.3 -1.9 12.9768
1.3 -1.8 11.2293
1.3 -1.7 8.40378
1.3 -1.6 -7.73803
1.3 -1.5 8.35314
1.3 -1.4 -0.446138
1.3 -1.3 -28.7418
1.3 -1.2 -68.9189
1.3 -1.1 16.2334
1.3 -1 96.0242
1.3 -0.9 96.1894
1.3 -0.8 22.7337
1.3 -0.7 -37.9301
1.3 -0.6 -23.3807
1.3 -0.5 -50.712
1.3 -0.4 -43.9098
1.3 -0.3 -78.8013
1.3 -0.2 -14.6118
1.3 -0.1 110.711
1.3 0 195.608
1.3 0.1 166.141
1.3 0.2 93.6904
1.3 0.3 -86.1093
1.3 0.4 -41.8075
1.3 0.5 -38.9572
1.3 0.6 -296.972
1.3 0.7 -174.058
1.3 0.8 8.73681
1.3 0.9 -21.038
1.3 1 19.7793
1.3 1.1 -5.26285
1.3 1.2 32.893
1.3 1.3 54.5542
1.3 1.4 55.9228
1.3 1.5 94.8783
1.3 1.6 -29.908
1.3 1.7 47.1378
1.3 1.8 57.9977
1.3 1.9 14.1652
1.3 2 25.7549
1.3 2.1 44.0427
1.3 2.2 10.3893
1.3 2.3 24.768
1.3 2.4 41.9751
1.3 2.5 146.802
1.3 2.6 20.695
1.3 2.7 18.5282
1.3 2.8 9.3116
1.3 2.9 2.25697

1.4 -3 -26.1958
1.4 -2.9 13.4298
1.4 -2.8 -8.12698
1.4 -2.7 -17.4384
1.4 -2.6 -78.0838
1.4 -2.5 10.2643
1.4 -2.4 31.6956
1.4 -2.3 26.3439
1.4 -2.2 19.2477
1.4 -2.1 12.6256
1.4 -2 12.7899
1.4 -1.9 22.1774
1.4 -1.8 9.67049
1.4 -1.7 4.95843
1.4 -1.6 -0.254328
1.4 -1.5 -2.27748
1.4 -1.4 63.1857
1.4 -1.3 48.145
1.4 -1.2 80.8346
1.4 -1.1 18.5208
1.4 -1 83.3783
1.4 -0.9 66.486
1.4 -0.8 65.5214
1.4 -0.7 48.7246
1.4 -0.6 -99.6784
1.4 -0.5 -46.3653
1.4 -0.4 -120.899
1.4 -0.3 -102.932
1.4 -0.2 -18.8853
1.4 -0.1 -155.107
1.4 0 -20.5827
1.4 0.1 -105.696
1.4 0.2 -30.2962
1.4 0.3 -87.8256
1.4 0.4 -29.6941
1.4 0.5 -92.7141
1.4 0.6 -338.348
1.4 0.7 -47.8025
1.4 0.8 -24.3281
1.4 0.9 0.823918
1.4 1 25.7565
1.4 1.1 -2.29377
1.4 1.2 90.1889
1.4 1.3 81.6307
1.4 1.4 262.025
1.4 1.5 -15.4856
1.4 1.6 -4.40982
1.4 1.7 24.4674
1.4 1.8 21.1578
1.4 1.9 196.599
1.4 2 38.4653
1.4 2.1 49.0058
1.4 2.2 72.8408
1.4 2.3 34.5742
1.4 2.4 117.597
1.4 2.5 15.1561
1.4 2.6 2.83912
1.4 2.7 -9.68843
1.4 2.8 9.51321
1.4 2.9 -8.02255

1.5 -3 16.8399
1.5 -2.9 15.3354
1.5 -2.8 -6.43978
1.5 -2.7 -30.1829
1.5 -2.6 -73.9119
1.5 -2.5 29.4614
1.5 -2.4 19.8664
1.5 -2.3 29.6073
1.5 -2.2 11.6451
1.5 -2.1 13.7218
1.5 -2 13.8053
1.5 -1.9 6.5829
1.5 -1.8 6.71862
1.5 -1.7 0.752588
1.5 -1.6 22.1561
1.5 -1.5 -0.0921804
1.5 -1.4 0.249844
1.5 -1.3 39.6463
1.5 -1.2 31.1318
1.5 -1.1 128.212
1.5 -1 20.7683
1.5 -0.9 97.5103
1.5 -0.8 114.026
1.5 -0.7 28.5412
1.5 -0.6 12.018
1.5 -0.5 29.6319
1.5 -0.4 -158.011
1.5 -0.3 -112.324
1.5 -0.2 -177.602
1.5 -0.1 -197.355
1.5 0 -62.6343
1.5 0.1 -105.177
1.5 0.2 -89.8677
1.5 0.3 -79.2935
1.5 0.4 -233.785
1.5 0.5 -0.550232
1.5 0.6 -49.2636
1.5 0.7 -202.022
1.5 0.8 -1.95542
1.5 0.9 34.3094
1.5 1 -4.95234
1.5 1.1 105.708
1.5 1.2 54.2472
1.5 1.3 59.3451
1.5 1.4 26.9391
1.5 1.5 -12.8538
1.5 1.6 83.992
1.5 1.7 40.6624
1.5 1.8 61.9628
1.5 1.9 31.1695
1.5 2 45.7482
1.5 2.1 58.3476
1.5 2.2 79.4142
1.5 2.3 75.694
1.5 2.4 98.0341
1.5 2.5 -2.19639
1.5 2.6 -9.85675
1.5 2.7 -24.2377
1.5 2.8 -5.18468
1.5 2.9 -6.2001

1.6 -3 18.7305
1.6 -2.9 -0.769515
1.6 -2.8 -20.5586
1.6 -2.7 -47.736
1.6 -2.6 12.3654
1.6 -2.5 36.1106
1.6 -2.4 33.0612
1.6 -2.3 70.6592
1.6 -2.2 24.6826
1.6 -2.1 11.8592
1.6 -2 11.4148
1.6 -1.9 8.68197
1.6 -1.8 0.62202
1.6 -1.7 4.71044
1.6 -1.6 14.7353
1.6 -1.5 2.09312
1.6 -1.4 0.47661
1.6 -1.3 36.8635
1.6 -1.2 38.0098
1.6 -1.1 153.997
1.6 -1 132.126
1.6 -0.9 112.176
1.6 -0.8 84.4207
1.6 -0.7 107.044
1.6 -0.6 108.821
1.6 -0.5 3.97289
1.6 -0.4 29.5185
1.6 -0.3 -60.5411
1.6 -0.2 -312.454
1.6 -0.1 -4.26558
1.6 0 -349.734
1.6 0.1 -20.8365
1.6 0.2 -142.64
1.6 0.3 -94.2192
1.6 0.4 -144.708
1.6 0.5 -95.5367
1.6 0.6 -116.936
1.6 0.7 -31.0457
1.6 0.8 27.3089
1.6 0.9 34.9306
1.6 1 110.304
1.6 1.1 171.54
1.6 1.2 203.2
1.6 1.3 60.2748
1.6 1.4 -12.1191
1.6 1.5 -10.222
1.6 1.6 144.339
1.6 1.7 90.7925
1.6 1.8 26.0996
1.6 1.9 40.793
1.6 2 30.9566
1.6 2.1 25.6469
1.6 2.2 44.2639
1.6 2.3 147.889
1.6 2.4 -4.36027
1.6 2.5 -23.4058
1.6 2.6 -24.3544
1.6 2.7 -21.9488
1.6 2.8 -3.33945
1.6 2.9 -11.1315

1.7 -3 -19.8349
1.7 -2.9 -5.97349
1.7 -2.8 29.1295
1.7 -2.7 24.8173
1.7 -2.6 20.9192
1.7 -2.5 15.0489
1.7 -2.4 14.1092
1.7 -2.3 37.7966
1.7 -2.2 56.8221
1.7 -2.1 25.3172
1.7 -2 12.588
1.7 -1.9 6.40925
1.7 -1.8 3.57052
1.7 -1.7 3.49753
1.7 -1.6 -0.0462006
1.7 -1.5 23.1232
1.7 -1.4 5.70914
1.7 -1.3 10.9546
1.7 -1.2 40.8017
1.7 -1.1 52.1683
1.7 -1 78.5433
1.7 -0.9 178.749
1.7 -0.8 175.468
1.7 -0.7 138.833
1.7 -0.6 152.979
1.7 -0.5 124.377
1.7 -0.4 -38.3597
1.7 -0.3 -40.8163
1.7 -0.2 29.6449
1.7 -0.1 -152.511
1.7 0 -118.555
1.7 0.1 -152.519
1.7 0.2 14.6401
1.7 0.3 -120.59
1.7 0.4 -43.8132
1.7 0.5 10.474
1.7 0.6 -95.0173
1.7 0.7 44.5131
1.7 0.8 181.038
1.7 0.9 57.1773
1.7 1 172.782
1.7 1.1 78.5899
1.7 1.2 141.106
1.7 1.3 52.0452
1.7 1.4 -28.4137
1.7 1.5 240.166
1.7 1.6 50.2699
1.7 1.7 54.1171
1.7 1.8 32.9082
1.7 1.9 103.62
1.7 2 61.2942
1.7 2.1 36.6316
1.7 2.2 118.684
1.7 2.3 -0.489348
1.7 2.4 -20.386
1.7 2.5 -19.3819
1.7 2.6 -18.7038
1.7 2.7 -3.46572
1.7 2.8 -5.45321
1.7 2.9 10.4859

1.8 -3 37.9638
1.8 -2.9 43.004
1.8 -2.8 29.8059
1.8 -2.7 25.4078
1.8 -2.6 23.3541
1.8 -2.5 17.3141
1.8 -2.4 16.3744
1.8 -2.3 15.4347
1.8 -2.2 78.1677
1.8 -2.1 12.3157
1.8 -2 11.3614
1.8 -1.9 10.5439
1.8 -1.8 6.51902
1.8 -1.7 6.07928
1.8 -1.6 11.2279
1.8 -1.5 12.8383
1.8 -1.4 13.846
1.8 -1.3 54.8157
1.8 -1.2 52.6309
1.8 -1.1 59.079
1.8 -1 81.3544
1.8 -0.9 84.8526
1.8 -0.8 20.2407
1.8 -0.7 657.967
1.8 -0.6 141
1.8 -0.5 157.004
1.8 -0.4 211.227
1.8 -0.3 39.06
1.8 -0.2 -9.72273
1.8 -0.1 -2.25474
1.8 0 -17.9168
1.8 0.1 -98.1335
1.8 0.2 -148.023
1.8 0.3 -22.7846
1.8 0.4 38.1324
1.8 0.5 49.8122
1.8 0.6 51.4492
1.8 0.7 152.733
1.8 0.8 4.94032
1.8 0.9 161.338
1.8 1 77.0886
1.8 1.1 316.138
1.8 1.2 229.392
1.8 1.3 114.632
1.8 1.4 410.674
1.8 1.5 100.826
1.8 1.6 65.0921
1.8 1.7 40.5219
1.8 1.8 39.7168
1.8 1.9 55.1114
1.8 2 79.0889
1.8 2.1 28.7244
1.8 2.2 54.6277
1.8 2.3 -19.0382
1.8 2.4 -18.034
1.8 2.5 -17.0299
1.8 2.6 -15.2822
1.8 2.7 -1.61086
1.8 2.8 26.3523
1.8 2.9 21.4388

1.9 -3 33.85
1.9 -2.9 38.2059
1.9 -2.8 30.4822
1.9 -2.7 25.9984
1.9 -2.6 37.5088
1.9 -2.5 19.5794
1.9 -2.4 18.6397
1.9 -2.3 17.7
1.9 -2.2 32.0689
1.9 -2.1 13.9271
1.9 -2 12.9474
1.9 -1.9 6.36901
1.9 -1.8 7.74076
1.9 -1.7 5.53422
1.9 -1.6 3.14418
1.9 -1.5 14.689
1.9 -1.4 15.0022
1.9 -1.3 11.6818
1.9 -1.2 31.0022
1.9 -1.1 71.5298
1.9 -1 49.767
1.9 -0.9 163.675
1.9 -0.8 608.158
1.9 -0.7 21.7241
1.9 -0.6 599.412
1.9 -0.5 143.167
1.9 -0.4 116.604
1.9 -0.3 203.233
1.9 -0.2 88.4619
1.9 -0.1 49.5573
1.9 0 67.4423
1.9 0.1 14.3774
1.9 0.2 16.0555
1.9 0.3 61.7007
1.9 0.4 65.5072
1.9 0.5 116.41
1.9 0.6 52.4003
1.9 0.7 7.62961
1.9 0.8 470.413
1.9 0.9 198.768
1.9 1 136.777
1.9 1.1 247.441
1.9 1.2 313.331
1.9 1.3 158.847
1.9 1.4 72.873
1.9 1.5 108.893
1.9 1.6 92.4752
1.9 1.7 311.085
1.9 1.8 106.091
1.9 1.9 0.403442
1.9 2 9.62998
1.9 2.1 37.0306
1.9 2.2 -1.84171
1.9 2.3 -16.6862
1.9 2.4 -15.682
1.9 2.5 -14.6779
1.9 2.6 -3.40092
1.9 2.7 35.3533
1.9 2.8 10.8127
1.9 2.9 1.22624

2 -3 34.6146
2 -2.9 29.6505
2 -2.8 31.1586
2 -2.7 54.3458
2 -2.6 65.7391
2 -2.5 21.8447
2 -2.4 20.905
2 -2.3 19.9652
2 -2.2 16.5658
2 -2.1 16.1921
2 -2 14.7093
2 -1.9 10.3646
2 -1.8 11.5108
2 -1.7 16.9282
2 -1.6 -1.53232
2 -1.5 11.4416
2 -1.4 12.7328
2 -1.3 8.19631
2 -1.2 12.8443
2 -1.1 112.148
2 -1 60.7363
2 -0.9 122.334
2 -0.8 157.379
2 -0.7 138.271
2 -0.6 300.153
2 -0.5 267.006
2 -0.4 125.255
2 -0.3 347.002
2 -0.2 514.225
2 -0.1 152.758
2 0 114.735
2 0.1 117.272
2 0.2 220.604
2 0.3 316.783
2 0.4 488.758
2 0.5 526.058
2 0.6 170.245
2 0.7 344.257
2 0.8 239.361
2 0.9 176.6
2 1 294.449
2 1.1 415.044
2 1.2 21.0975
2 1.3 76.1018
2 1.4 39.6684
2 1.5 98.2317
2 1.6 34.2319
2 1.7 45.6796
2 1.8 50.3287
2 1.9 75.6458
2 2 47.0644
2 2.1 -1.45139
2 2.2 -22.839
2 2.3 -14.3342
2 2.4 -13.3301
2 2.5 -12.3259
2 2.6 30.9052
2 2.7 25.2022
2 2.8 63.3098
2 2.9 57.1311

2.1 -3 35.3792
2.1 -2.9 30.2639
2.1 -2.8 53.8153
2.1 -2.7 41.4491
2.1 -2.6 88.2236
2.1 -2.5 57.1343
2.1 -2.4 23.1702
2.1 -2.3 22.2305
2.1 -2.2 17.4295
2.1 -2.1 22.7052
2.1 -2 16.3215
2.1 -1.9 10.1286
2.1 -1.8 9.14496
2.1 -1.7 3.63757
2.1 -1.6 4.89816
2.1 -1.5 7.16945
2.1 -1.4 8.78657
2.1 -1.3 10.515
2.1 -1.2 9.28926
2.1 -1.1 4.17548
2.1 -1 24.24
2.1 -0.9 159.516
2.1 -0.8 123.391
2.1 -0.7 108.61
2.1 -0.6 184.01
2.1 -0.5 94.7534
2.1 -0.4 114.591
2.1 -0.3 21.9112
2.1 -0.2 19.3535
2.1 -0.1 349.18
2.1 0 402.546
2.1 0.1 279.306
2.1 0.2 14.9913
2.1 0.3 16.5614
2.1 0.4 105.734
2.1 0.5 278.482
2.1 0.6 210.759
2.1 0.7 124.851
2.1 0.8 330.305
2.1 0.9 178.159
2.1 1 72.484
2.1 1.1 -2.44658
2.1 1.2 7.01682
2.1 1.3 167.47
2.1 1.4 97.5312
2.1 1.5 70.6566
2.1 1.6 45.7946
2.1 1.7 51.1484
2.1 1.8 76.1579
2.1 1.9 12.7444
2.1 2 27.2986
2.1 2.1 -4.47425
2.1 2.2 -3.25593
2.1 2.3 -11.9822
2.1 2.4 -10.9781
2.1 2.5 43.0518
2.1 2.6 99.3284
2.1 2.7 46.8836
2.1 2.8 52.1961
2.1 2.9 14.1268

2.2 -3 38.5964
2.2 -2.9 30.8773
2.2 -2.8 53.3633
2.2 -2.7 50.0489
2.2 -2.6 77.8786
2.2 -2.5 81.7553
2.2 -2.4 60.7076
2.2 -2.3 27.2669
2.2 -2.2 18.2932
2.2 -2.1 27.6814
2.2 -2 17.9338
2.2 -1.9 15.6467
2.2 -1.8 13.2796
2.2 -1.7 9.742
2.2 -1.6 17.052
2.2 -1.5 0.816221
2.2 -1.4 14.6156
2.2 -1.3 12.0718
2.2 -1.2 23.2002
2.2 -1.1 8.81047
2.2 -1 5.85368
2.2 -0.9 31.5033
2.2 -0.8 60.8524
2.2 -0.7 124.448
2.2 -0.6 129.427
2.2 -0.5 320.901
2.2 -0.4 236.179
2.2 -0.3 359.247
2.2 -0.2 330.681
2.2 -0.1 314.161
2.2 0 259.572
2.2 0.1 365.4
2.2 0.2 423.229
2.2 0.3 351.481
2.2 0.4 345.945
2.2 0.5 130.474
2.2 0.6 193.39
2.2 0.7 217.03
2.2 0.8 317.792
2.2 0.9 73.514
2.2 1 -0.00741608
2.2 1.1 2.66919
2.2 1.2 164.118
2.2 1.3 96.8307
2.2 1.4 63.8931
2.2 1.5 45.9096
2.2 1.6 51.9681
2.2 1.7 64.9292
2.2 1.8 72.9904
2.2 1.9 72.8592
2.2 2 37.0999
2.2 2.1 -2.31062
2.2 2.2 -16.3325
2.2 2.3 9.77681
2.2 2.4 86.2777
2.2 2.5 194.197
2.2 2.6 42.4221
2.2 2.7 28.8575
2.2 2.8 12.6587
2.2 2.9 26.1022

2.3 -3 39.4231
2.3 -2.9 69.2743
2.3 -2.8 56.3633
2.3 -2.7 70.2593
2.3 -2.6 62.619
2.3 -2.5 73.1841
2.3 -2.4 71.7626
2.3 -2.3 36.8931
2.3 -2.2 20.1261
2.3 -2.1 31.6837
2.3 -2 14.0221
2.3 -1.9 20.271
2.3 -1.8 8.01242
2.3 -1.7 6.31514
2.3 -1.6 12.5427
2.3 -1.5 5.57123
2.3 -1.4 -0.644824
2.3 -1.3 15.5028
2.3 -1.2 18.239
2.3 -1.1 67.8928
2.3 -1 41.1461
2.3 -0.9 15.873
2.3 -0.8 167.705
2.3 -0.7 156.916
2.3 -0.6 66.7244
2.3 -0.5 150.742
2.3 -0.4 296.801
2.3 -0.3 171.468
2.3 -0.2 157.421
2.3 -0.1 141.947
2.3 0 139.061
2.3 0.1 136.175
2.3 0.2 175.876
2.3 0.3 327.568
2.3 0.4 233.213
2.3 0.5 90.8435
2.3 0.6 94.5733
2.3 0.7 98.3031
2.3 0.8 20.4471
2.3 0.9 21.3455
2.3 1 130.762
2.3 1.1 201.456
2.3 1.2 79.4646
2.3 1.3 158.703
2.3 1.4 286.904
2.3 1.5 52.8087
2.3 1.6 59.897
2.3 1.7 45.5035
2.3 1.8 26.3881
2.3 1.9 40.2957
2.3 2 43.3406
2.3 2.1 44.5253
2.3 2.2 77.1046
2.3 2.3 181.58
2.3 2.4 62.6288
2.3 2.5 29.6791
2.3 2.6 60.2607
2.3 2.7 42.0334
2.3 2.8 46.2934
2.3 2.9 38.3006

2.4 -3 74.6017
2.4 -2.9 73.5051
2.4 -2.8 63.5932
2.4 -2.7 70.6836
2.4 -2.6 53.0382
2.4 -2.5 59.7275
2.4 -2.4 52.5944
2.4 -2.3 39.5073
2.4 -2.2 21.0074
2.4 -2.1 35.686
2.4 -2 15.2165
2.4 -1.9 24.6767
2.4 -1.8 16.1128
2.4 -1.7 19.2039
2.4 -1.6 9.0139
2.4 -1.5 3.7531
2.4 -1.4 32.7067
2.4 -1.3 -1.24282
2.4 -1.2 14.0235
2.4 -1.1 38.9438
2.4 -1 26.3012
2.4 -0.9 76.0039
2.4 -0.8 39.0488
2.4 -0.7 231.542
2.4 -0.6 69.0906
2.4 -0.5 141.777
2.4 -0.4 290.32
2.4 -0.3 311.238
2.4 -0.2 262.887
2.4 -0.1 240.072
2.4 0 199.108
2.4 0.1 134.027
2.4 0.2 218.97
2.4 0.3 196.843
2.4 0.4 549.896
2.4 0.5 435.011
2.4 0.6 278.502
2.4 0.7 145.376
2.4 0.8 161.939
2.4 0.9 100.23
2.4 1 105.279
2.4 1.1 130.824
2.4 1.2 86.5507
2.4 1.3 44.6138
2.4 1.4 59.2753
2.4 1.5 69.8268
2.4 1.6 24.9892
2.4 1.7 89.852
2.4 1.8 40.4437
2.4 1.9 41.9604
2.4 2 44.9338
2.4 2.1 168.963
2.4 2.2 131.357
2.4 2.3 28.6997
2.4 2.4 8.49909
2.4 2.5 39.2719
2.4 2.6 39.9221
2.4 2.7 58.9619
2.4 2.8 23.334
2.4 2.9 2.5202

2.5 -3 78.7964
2.5 -2.9 65.0177
2.5 -2.8 67.824
2.5 -2.7 56.3936
2.5 -2.6 57.872
2.5 -2.5 75.857
2.5 -2.4 46.0457
2.5 -2.3 42.1214
2.5 -2.2 26.2855
2.5 -2.1 38.9934
2.5 -2 12.0067
2.5 -1.9 20.1473
2.5 -1.8 38.0402
2.5 -1.7 13.2613
2.5 -1.6 6.2048
2.5 -1.5 5.47526
2.5 -1.4 10.8328
2.5 -1.3 20.6059
2.5 -1.2 -1.84083
2.5 -1.1 43.1241
2.5 -1 17.0556
2.5 -0.9 55.3007
2.5 -0.8 57.9663
2.5 -0.7 39.133
2.5 -0.6 101.771
2.5 -0.5 10.7141
2.5 -0.4 9.06996
2.5 -0.3 7.42579
2.5 -0.2 97.1593
2.5 -0.1 390.537
2.5 0 112.679
2.5 0.1 95.2576
2.5 0.2 147.345
2.5 0.3 6.2227
2.5 0.4 7.24831
2.5 0.5 8.27392
2.5 0.6 29.0035
2.5 0.7 236.913
2.5 0.8 176.048
2.5 0.9 112.385
2.5 1 124.052
2.5 1.1 132.65
2.5 1.2 51.0804
2.5 1.3 126.669
2.5 1.4 66.5924
2.5 1.5 79.8876
2.5 1.6 37.5467
2.5 1.7 39.3956
2.5 1.8 55.1496
2.5 1.9 156.346
2.5 2 124.594
2.5 2.1 27.7203
2.5 2.2 8.26984
2.5 2.3 36.5104
2.5 2.4 48.8404
2.5 2.5 31.1913
2.5 2.6 19.6724
2.5 2.7 27.2968
2.5 2.8 33.7754
2.5 2.9 60.791

2.6 -3 75.4986
2.6 -2.9 68.2449
2.6 -2.8 72.0549
2.6 -2.7 59.3936
2.6 -2.6 77.139
2.6 -2.5 37.7683
2.6 -2.4 49.3061
2.6 -2.3 35.6653
2.6 -2.2 27.4173
2.6 -2.1 35.3786
2.6 -2 12.9898
2.6 -1.9 22.1559
2.6 -1.8 37.97
2.6 -1.7 59.0516
2.6 -1.6 17.6637
2.6 -1.5 8.11725
2.6 -1.4 13.2385
2.6 -1.3 18.773
2.6 -1.2 20.5729
2.6 -1.1 66.7245
2.6 -1 11.9436
2.6 -0.9 25.7376
2.6 -0.8 27.6621
2.6 -0.7 57.1412
2.6 -0.6 97.4738
2.6 -0.5 306.128
2.6 -0.4 47.8886
2.6 -0.3 14.4254
2.6 -0.2 35.803
2.6 -0.1 68.4942
2.6 0 71.9323
2.6 0.1 484.422
2.6 0.2 153.654
2.6 0.3 13.4102
2.6 0.4 75.1929
2.6 0.5 242.287
2.6 0.6 103.595
2.6 0.7 141.934
2.6 0.8 110.786
2.6 0.9 80.5885
2.6 1 182.348
2.6 1.1 154.006
2.6 1.2 60.5057
2.6 1.3 70.6236
2.6 1.4 34.6498
2.6 1.5 110.925
2.6 1.6 50.2779
2.6 1.7 143.729
2.6 1.8 189.748
2.6 1.9 26.7409
2.6 2 3.23932
2.6 2.1 -1.18579
2.6 2.2 3.01366
2.6 2.3 35.2408
2.6 2.4 35.0292
2.6 2.5 55.357
2.6 2.6 30.0321
2.6 2.7 55.3384
2.6 2.8 69.9693
2.6 2.9 18.4557

2.7 -3 79.42
2.7 -2.9 79.5366
2.7 -2.8 76.2857
2.7 -2.7 66.3738
2.7 -2.6 83.9458
2.7 -2.5 39.3649
2.7 -2.4 39.388
2.7 -2.3 44.1981
2.7 -2.2 28.5492
2.7 -2.1 28.6003
2.7 -2 12.5947
2.7 -1.9 12.0812
2.7 -1.8 -0.0848201
2.7 -1.7 28.0798
2.7 -1.6 104.527
2.7 -1.5 23.7123
2.7 -1.4 26.8579
2.7 -1.3 15.3436
2.7 -1.2 16.6469
2.7 -1.1 10.3589
2.7 -1 34.0517
2.7 -0.9 10.656
2.7 -0.8 76.3859
2.7 -0.7 27.9542
2.7 -0.6 13.029
2.7 -0.5 115.394
2.7 -0.4 112.264
2.7 -0.3 97.9616
2.7 -0.2 67.3787
2.7 -0.1 38.7049
2.7 0 128.047
2.7 0.1 53.0034
2.7 0.2 80.9276
2.7 0.3 177.247
2.7 0.4 185.015
2.7 0.5 187.302
2.7 0.6 30.942
2.7 0.7 70.5615
2.7 0.8 43.0608
2.7 0.9 46.9844
2.7 1 54.6614
2.7 1.1 55.1252
2.7 1.2 66.1038
2.7 1.3 48.9388
2.7 1.4 51.9532
2.7 1.5 51.8109
2.7 1.6 113.997
2.7 1.7 8.8413
2.7 1.8 -17.8137
2.7 1.9 -16.2749
2.7 2 -13.2744
2.7 2.1 27.9741
2.7 2.2 38.97
2.7 2.3 85.6334
2.7 2.4 67.2373
2.7 2.5 38.2354
2.7 2.6 64.5167
2.7 2.7 63.4416
2.7 2.8 44.7666
2.7 2.9 55.1586

2.8 -3 79.4114
2.8 -2.9 76.1524
2.8 -2.8 67.4554
2.8 -2.7 70.6046
2.8 -2.6 45.5053
2.8 -2.5 40.9615
2.8 -2.4 41.5627
2.8 -2.3 38.4466
2.8 -2.2 29.681
2.8 -2.1 30.719
2.8 -2 14.5992
2.8 -1.9 5.109
2.8 -1.8 3.54233
2.8 -1.7 1.97567
2.8 -1.6 0.409005
2.8 -1.5 119.453
2.8 -1.4 7.10203
2.8 -1.3 11.7864
2.8 -1.2 9.70514
2.8 -1.1 14.5207
2.8 -1 17.7991
2.8 -0.9 17.7856
2.8 -0.8 16.6661
2.8 -0.7 38.956
2.8 -0.6 42.1922
2.8 -0.5 52.9709
2.8 -0.4 46.8159
2.8 -0.3 63.5219
2.8 -0.2 56.977
2.8 -0.1 95.111
2.8 0 85.3774
2.8 0.1 64.0998
2.8 0.2 89.9649
2.8 0.3 74.8807
2.8 0.4 75.6384
2.8 0.5 157.408
2.8 0.6 164.616
2.8 0.7 171.823
2.8 0.8 167.245
2.8 0.9 50.583
2.8 1 63.5314
2.8 1.1 77.7743
2.8 1.2 33.1483
2.8 1.3 80.8368
2.8 1.4 53.5074
2.8 1.5 115.575
2.8 1.6 -17.1722
2.8 1.7 -15.6334
2.8 1.8 -14.0946
2.8 1.9 -12.5558
2.8 2 -1.51415
2.8 2.1 1.92898
2.8 2.2 30.6337
2.8 2.3 23.2047
2.8 2.4 9.00667
2.8 2.5 21.3816
2.8 2.6 -2.31364
2.8 2.7 41.8103
2.8 2.8 54.8926
2.8 2.9 39.4532

2.9 -3 82.8107
2.9 -2.9 80.0738
2.9 -2.8 70.6826
2.9 -2.7 74.8355
2.9 -2.6 39.7448
2.9 -2.5 49.9502
2.9 -2.4 48.071
2.9 -2.3 40.3828
2.9 -2.2 36.4443
2.9 -2.1 46.9421
2.9 -2 79.1086
2.9 -1.9 8.73615
2.9 -1.8 7.16949
2.9 -1.7 5.60282
2.9 -1.6 4.03616
2.9 -1.5 21.8327
2.9 -1.4 79.5159
2.9 -1.3 10.9777
2.9 -1.2 33.0327
2.9 -1.1 26.7224
2.9 -1 11.7362
2.9 -0.9 26.1432
2.9 -0.8 26.299
2.9 -0.7 27.062
2.9 -0.6 30.3532
2.9 -0.5 31.4671
2.9 -0.4 21.1578
2.9 -0.3 10.8485
2.9 -0.2 42.3453
2.9 -0.1 28.1152
2.9 0 24.8862
2.9 0.1 21.6572
2.9 0.2 95.1029
2.9 0.3 43.6688
2.9 0.4 48.0969
2.9 0.5 52.525
2.9 0.6 68.184
2.9 0.7 63.3331
2.9 0.8 47.8911
2.9 0.9 54.7332
2.9 1 61.5753
2.9 1.1 16.7232
2.9 1.2 37.1281
2.9 1.3 46.8932
2.9 1.4 39.5753
2.9 1.5 1.05883
2.9 1.6 -13.4531
2.9 1.7 -11.9143
2.9 1.8 -10.3755
2.9 1.9 -8.83663
2.9 2 22.5309
2.9 2.1 28.0294
2.9 2.2 22.0085
2.9 2.3 9.18042
2.9 2.4 57.4693
2.9 2.5 24.244
2.9 2.6 45.1009
2.9 2.7 58.1831
2.9 2.8 42.6963
2.9 2.9 85.623

