0 4.55598e-09 0.000165582 1.94183e-14 2.21276e-20 1.27719e-20 
2e-11 3.48102e-09 0.000169166 1.64298e-14 2.21277e-20 1.27719e-20 
4e-11 2.59221e-09 0.000172141 1.33175e-14 2.21281e-20 1.27719e-20 
6e-11 1.89767e-09 0.000174483 1.00967e-14 2.2129e-20 1.27719e-20 
8e-11 1.4023e-09 0.000176171 6.78632e-15 2.21302e-20 1.27719e-20 
1e-10 1.10756e-09 0.00017719 3.40789e-15 2.21314e-20 1.27719e-20 
1.2e-10 1.01125e-09 0.00017753 -1.47049e-17 2.2132e-20 1.27719e-20 
1.4e-10 1.10756e-09 0.000177183 -3.45599e-15 2.21312e-20 1.27719e-20 
1.6e-10 1.38702e-09 0.000176148 -6.88934e-15 2.2128e-20 1.27719e-20 
1.8e-10 1.83675e-09 0.00017443 -1.02875e-14 2.21212e-20 1.27719e-20 
2e-10 2.44066e-09 0.000172039 -1.3623e-14 2.21097e-20 1.27719e-20 
2.2e-10 3.17979e-09 0.00016899 -1.68684e-14 2.20922e-20 1.27719e-20 
2.4e-10 4.03277e-09 0.000165304 -1.99971e-14 2.20673e-20 1.27719e-20 
2.6e-10 4.9762e-09 0.000161006 -2.29829e-14 2.20337e-20 1.27719e-20 
2.8e-10 5.9853e-09 0.000156127 -2.58013e-14 2.19904e-20 1.27719e-20 
3e-10 7.03437e-09 0.000150704 -2.84288e-14 2.19362e-20 1.27719e-20 
3.2e-10 8.09743e-09 0.000144777 -3.0844e-14 2.18703e-20 1.27719e-20 
3.4e-10 9.1488e-09 0.00013839 -3.30271e-14 2.17921e-20 1.27719e-20 
3.6e-10 1.01637e-08 0.000131591 -3.49606e-14 2.17012e-20 1.27719e-20 
3.8e-10 1.11187e-08 0.000124432 -3.66293e-14 2.15975e-20 1.27719e-20 
4e-10 1.19924e-08 0.000116967 -3.80206e-14 2.14814e-20 1.27719e-20 
4.2e-10 1.27659e-08 0.000109252 -3.91244e-14 2.13533e-20 1.27719e-20 
4.4e-10 1.34232e-08 0.000101347 -3.99332e-14 2.12142e-20 1.27719e-20 
4.6e-10 1.39513e-08 9.33091e-05 -4.04426e-14 2.10653e-20 1.27719e-20 
4.8e-10 1.43408e-08 8.51998e-05 -4.06507e-14 2.09079e-20 1.27719e-20 
5e-10 1.45859e-08 7.70789e-05 -4.05587e-14 2.07437e-20 1.27719e-20 
5.2e-10 1.46847e-08 6.90059e-05 -4.01708e-14 2.05748e-20 1.27719e-20 
5.4e-10 1.46388e-08 6.10395e-05 -3.94938e-14 2.04032e-20 1.27719e-20 
5.6e-10 1.44536e-08 5.32363e-05 -3.85375e-14 2.02309e-20 1.27719e-20 
5.8e-10 1.41379e-08 4.56511e-05 -3.73145e-14 2.00604e-20 1.27719e-20 
6e-10 1.37036e-08 3.83357e-05 -3.58401e-14 1.98937e-20 1.27719e-20 
6.2e-10 1.31655e-08 3.13385e-05 -3.41321e-14 1.97329e-20 1.27719e-20 
6.4e-10 1.25409e-08 2.47041e-05 -3.2211e-14 1.95801e-20 1.27719e-20 
6.6e-10 1.1849e-08 1.84731e-05 -3.00992e-14 1.94371e-20 1.27719e-20 
6.8e-10 1.11101e-08 1.26811e-05 -2.78216e-14 1.93053e-20 1.27719e-20 
7e-10 1.03457e-08 7.35839e-06 -2.5405e-14 1.9186e-20 1.27719e-20 
7.2e-10 9.57723e-09 2.53008e-06 -2.2878e-14 1.90801e-20 1.27719e-20 
7.4e-10 8.82594e-09 -1.78478e-06 -2.02706e-14 1.89881e-20 1.27719e-20 
7.6e-10 8.11199e-09 -5.57327e-06 -1.76143e-14 1.89103e-20 1.27719e-20 
7.8e-10 7.45401e-09 -8.82884e-06 -1.49415e-14 1.88463e-20 1.27719e-20 
8e-10 6.86852e-09 -1.15515e-05 -1.22855e-14 1.87956e-20 1.27719e-20 
8.2e-10 6.36946e-09 -1.37481e-05 -9.6803e-15 1.87574e-20 1.27719e-20 
8.4e-10 5.96776e-09 -1.54321e-05 -7.16e-15 1.87302e-20 1.27719e-20 
8.6e-10 5.67097e-09 -1.6624e-05 -4.75877e-15 1.87127e-20 1.27719e-20 
8.8e-10 5.48298e-09 -1.7351e-05 -2.51052e-15 1.87032e-20 1.27719e-20 
9e-10 5.4039e-09 -1.76469e-05 -4.48587e-16 1.86998e-20 1.27719e-20 
9.2e-10 5.42991e-09 -1.75523e-05 1.39454e-15 1.87008e-20 1.27719e-20 
9.4e-10 5.55332e-09 -1.71141e-05 2.98748e-15 1.87041e-20 1.27719e-20 
9.6e-10 5.76273e-09 -1.63853e-05 4.3003e-15 1.87082e-20 1.27719e-20 
9.8e-10 6.04319e-09 -1.54248e-05 5.30471e-15 1.87116e-20 1.27719e-20 
1e-09 6.37628e-09 -1.42979e-05 5.96378e-15 1.8713e-20 1.27719e-20 
1.02e-09 6.77288e-09 -1.29676e-05 7.33912e-15 1.8713e-20 1.27707e-20 
1.04e-09 7.25251e-09 -1.13668e-05 8.66979e-15 1.8713e-20 1.2766e-20 
1.06e-09 7.80905e-09 -9.51155e-06 9.88225e-15 1.8713e-20 1.27573e-20 
1.08e-09 8.4339e-09 -7.42383e-06 1.0995e-14 1.8713e-20 1.27443e-20 
1.1e-09 9.11876e-09 -5.12201e-06 1.20232e-14 1.8713e-20 1.27269e-20 
1.12e-09 9.85556e-09 -2.62178e-06 1.29792e-14 1.8713e-20 1.27052e-20 
1.14e-09 1.06364e-08 6.3451e-08 1.38731e-14 1.8713e-20 1.2679e-20 
1.16e-09 1.14535e-08 2.92208e-06 1.47132e-14 1.8713e-20 1.26485e-20 
1.18e-09 1.22993e-08 5.94398e-06 1.55059e-14 1.8713e-20 1.26138e-20 
1.2e-09 1.3166e-08 9.12022e-06 1.62565e-14 1.8713e-20 1.2575e-20 
1.22e-09 1.40463e-08 1.24428e-05 1.69691e-14 1.8713e-20 1.25323e-20 
1.24e-09 1.49324e-08 1.59044e-05 1.7647e-14 1.8713e-20 1.24858e-20 
1.26e-09 1.58172e-08 1.94983e-05 1.82926e-14 1.8713e-20 1.24356e-20 
1.28e-09 1.6693e-08 2.32184e-05 1.89079e-14 1.8713e-20 1.2382e-20 
1.3e-09 1.75527e-08 2.70586e-05 1.94942e-14 1.8713e-20 1.2325e-20 
1.32e-09 1.83891e-08 3.10133e-05 2.00525e-14 1.8713e-20 1.22649e-20 
1.34e-09 1.91951e-08 3.50768e-05 2.05835e-14 1.8713e-20 1.22019e-20 
1.36e-09 1.9964e-08 3.92439e-05 2.10875e-14 1.8713e-20 1.2136e-20 
1.38e-09 2.0689e-08 4.35092e-05 2.1565e-14 1.8713e-20 1.20677e-20 
1.4e-09 2.13639e-08 4.78673e-05 2.20158e-14 1.8713e-20 1.19969e-20 
1.42e-09 2.19826e-08 5.23129e-05 2.244e-14 1.8713e-20 1.19241e-20 
1.44e-09 2.25394e-08 5.68406e-05 2.28376e-14 1.8713e-20 1.18493e-20 
1.46e-09 2.30291e-08 6.14452e-05 2.32083e-14 1.8713e-20 1.17729e-20 
1.48e-09 2.34469e-08 6.61212e-05 2.3552e-14 1.8713e-20 1.16951e-20 
1.5e-09 2.37883e-08 7.08633e-05 2.38686e-14 1.8713e-20 1.16161e-20 
1.52e-09 2.40497e-08 7.56659e-05 2.41578e-14 1.8713e-20 1.15363e-20 
1.54e-09 2.42276e-08 8.05237e-05 2.44195e-14 1.8713e-20 1.14558e-20 
1.56e-09 2.43194e-08 8.5431e-05 2.46535e-14 1.8713e-20 1.1375e-20 
1.58e-09 2.43229e-08 9.03823e-05 2.48597e-14 1.8713e-20 1.12942e-20 
1.6e-09 2.42367e-08 9.5372e-05 2.50379e-14 1.8713e-20 1.12135e-20 
1.62e-09 2.40599e-08 0.000100395 2.51881e-14 1.8713e-20 1.11333e-20 
1.64e-09 2.37922e-08 0.000105444 2.53101e-14 1.8713e-20 1.10539e-20 
1.66e-09 2.34341e-08 0.000110516 2.54038e-14 1.8713e-20 1.09755e-20 
1.68e-09 2.29866e-08 0.000115603 2.54688e-14 1.8713e-20 1.08984e-20 
1.7e-09 2.24513e-08 0.0001207 2.5505e-14 1.8713e-20 1.08229e-20 
1.72e-09 2.18306e-08 0.000125802 2.5512e-14 1.8713e-20 1.07492e-20 
1.74e-09 2.11273e-08 0.000130902 2.54891e-14 1.8713e-20 1.06775e-20 
1.76e-09 2.0345e-08 0.000135995 2.54358e-14 1.8713e-20 1.06081e-20 
1.78e-09 1.94877e-08 0.000141073 2.53509e-14 1.8713e-20 1.05411e-20 
1.8e-09 1.85601e-08 0.000146132 2.52332e-14 1.8713e-20 1.04769e-20 
1.82e-09 1.75675e-08 0.000151163 2.50809e-14 1.8713e-20 1.04155e-20 
1.84e-09 1.65157e-08 0.000156161 2.48918e-14 1.8713e-20 1.03573e-20 
1.86e-09 1.54111e-08 0.000161116 2.46629e-14 1.8713e-20 1.03022e-20 
1.88e-09 1.42605e-08 0.000166021 2.43907e-14 1.8713e-20 1.02505e-20 
1.9e-09 1.30716e-08 0.000170867 2.40704e-14 1.8713e-20 1.02023e-20 
1.92e-09 1.18523e-08 0.000175644 2.36963e-14 1.8713e-20 1.01577e-20 
1.94e-09 1.06114e-08 0.00018034 2.32612e-14 1.8713e-20 1.01168e-20 
1.96e-09 9.35844e-09 0.000184942 2.27561e-14 1.8713e-20 1.00797e-20 
1.98e-09 8.10342e-09 0.000189434 2.21701e-14 1.8713e-20 1.00464e-20 
2e-09 6.85733e-09 0.0001938 2.14898e-14 1.8713e-20 1.00169e-20 
2.02e-09 5.63203e-09 0.000198019 2.06988e-14 1.8713e-20 9.99118e-21 
2.04e-09 4.44034e-09 0.000202067 1.97771e-14 1.8713e-20 9.96928e-21 
2.06e-09 3.29623e-09 0.000205914 1.87005e-14 1.8713e-20 9.95108e-21 
2.08e-09 2.21493e-09 0.000209528 1.74397e-14 1.8713e-20 9.93644e-21 
2.1e-09 1.21305e-09 0.000212868 1.59592e-14 1.8713e-20 9.92518e-21 
2.12e-09 3.0878e-10 0.000215886 1.42163e-14 1.8713e-20 9.91706e-21 
2.14e-09 -4.77987e-10 0.000218523 1.21596e-14 1.8713e-20 9.91174e-21 
2.16e-09 -1.12547e-09 0.000220712 9.72696e-15 1.8713e-20 9.90879e-21 
2.18e-09 -1.60987e-09 0.000222369 6.84406e-15 1.8713e-20 9.90764e-21 
2.2e-09 -1.89022e-09 0.000223344 2.89898e-15 1.8713e-20 9.9076e-21 
2.22e-09 -1.93199e-09 0.000223492 -1.41828e-15 1.87131e-20 9.9076e-21 
2.24e-09 -1.73654e-09 0.000222782 -5.67572e-15 1.87121e-20 9.9076e-21 
2.26e-09 -1.32062e-09 0.00022123 -9.84955e-15 1.87085e-20 9.9076e-21 
2.28e-09 -7.04229e-10 0.000218853 -1.39195e-14 1.87008e-20 9.9076e-21 
2.3e-09 8.97586e-11 0.000215674 -1.78638e-14 1.86873e-20 9.9076e-21 
2.32e-09 1.03596e-09 0.000211722 -2.16595e-14 1.86662e-20 9.9076e-21 
2.34e-09 2.10687e-09 0.000207028 -2.52835e-14 1.86359e-20 9.9076e-21 
2.36e-09 3.27339e-09 0.000201628 -2.87126e-14 1.85946e-20 9.9076e-21 
2.38e-09 4.50533e-09 0.000195564 -3.19245e-14 1.8541e-20 9.9076e-21 
2.4e-09 5.77205e-09 0.000188882 -3.48976e-14 1.84737e-20 9.9076e-21 
2.42e-09 7.043e-09 0.000181631 -3.76119e-14 1.83917e-20 9.9076e-21 
2.44e-09 8.28842e-09 0.000173865 -4.00489e-14 1.82943e-20 9.9076e-21 
2.46e-09 9.47989e-09 0.000165641 -4.21924e-14 1.8181e-20 9.9076e-21 
2.48e-09 1.05909e-08 0.000157019 -4.4028e-14 1.80519e-20 9.9076e-21 
2.5e-09 1.15976e-08 0.000148062 -4.55441e-14 1.79073e-20 9.9076e-21 
2.52e-09 1.24789e-08 0.000138834 -4.67315e-14 1.77478e-20 9.9076e-21 
2.54e-09 1.32171e-08 0.000129403 -4.75837e-14 1.75747e-20 9.9076e-21 
2.56e-09 1.37986e-08 0.000119835 -4.80972e-14 1.73893e-20 9.9076e-21 
2.58e-09 1.42134e-08 0.000110198 -4.82714e-14 1.71936e-20 9.9076e-21 
2.6e-09 1.4456e-08 0.00010056 -4.81085e-14 1.69895e-20 9.9076e-21 
2.62e-09 1.45248e-08 9.09876e-05 -4.76139e-14 1.67795e-20 9.9076e-21 
2.64e-09 1.44228e-08 8.15466e-05 -4.67958e-14 1.6566e-20 9.9076e-21 
2.66e-09 1.41569e-08 7.23005e-05 -4.56656e-14 1.63518e-20 9.9076e-21 
2.68e-09 1.37378e-08 6.33102e-05 -4.42374e-14 1.61394e-20 9.9076e-21 
2.7e-09 1.31799e-08 5.46336e-05 -4.25281e-14 1.59316e-20 9.9076e-21 
2.72e-09 1.25006e-08 4.63251e-05 -4.05573e-14 1.57309e-20 9.9076e-21 
2.74e-09 1.17201e-08 3.84346e-05 -3.83474e-14 1.55398e-20 9.9076e-21 
2.76e-09 1.08606e-08 3.10076e-05 -3.5923e-14 1.53604e-20 9.9076e-21 
2.78e-09 9.94591e-09 2.40842e-05 -3.33109e-14 1.51946e-20 9.9076e-21 
2.8e-09 9.00074e-09 1.76991e-05 -3.05401e-14 1.5044e-20 9.9076e-21 
2.82e-09 8.05002e-09 1.18809e-05 -2.76414e-14 1.49096e-20 9.9076e-21 
2.84e-09 7.11824e-09 6.65206e-06 -2.46472e-14 1.47921e-20 9.9076e-21 
2.86e-09 6.22885e-09 2.02823e-06 -2.15911e-14 1.46919e-20 9.9076e-21 
2.88e-09 5.40356e-09 -1.98171e-06 -1.85082e-14 1.46087e-20 9.9076e-21 
2.9e-09 4.66183e-09 -5.37595e-06 -1.54342e-14 1.4542e-20 9.9076e-21 
2.92e-09 4.02025e-09 -8.15989e-06 -1.24052e-14 1.44907e-20 9.9076e-21 
2.94e-09 3.49212e-09 -1.03462e-05 -9.45807e-15 1.44534e-20 9.9076e-21 
2.96e-09 3.08705e-09 -1.1955e-05 -6.62925e-15 1.44283e-20 9.9076e-21 
2.98e-09 2.81067e-09 -1.30134e-05 -3.95508e-15 1.44135e-20 9.9076e-21 
3e-09 2.66442e-09 -1.3556e-05 -1.47127e-15 1.44069e-20 9.9076e-21 
3.02e-09 2.64548e-09 -1.36244e-05 7.87358e-16 1.44062e-20 9.9076e-21 
3.04e-09 2.74636e-09 -1.32684e-05 2.77282e-15 1.44092e-20 9.9076e-21 
3.06e-09 2.95369e-09 -1.25504e-05 4.40758e-15 1.44136e-20 9.9076e-21 
3.08e-09 3.24783e-09 -1.15468e-05 5.6277e-15 1.44177e-20 9.9076e-21 
3.1e-09 3.60438e-09 -1.03439e-05 6.40118e-15 1.44198e-20 9.9076e-21 
3.12e-09 4.02341e-09 -8.9409e-06 7.62916e-15 1.44198e-20 9.90684e-21 
3.14e-09 4.52277e-09 -7.27534e-06 9.02646e-15 1.44198e-20 9.90238e-21 
3.16e-09 5.10225e-09 -5.34315e-06 1.02955e-14 1.44198e-20 9.89362e-21 
3.18e-09 5.75243e-09 -3.16797e-06 1.14563e-14 1.44198e-20 9.88026e-21 
3.2e-09 6.46431e-09 -7.69802e-07 1.25254e-14 1.44198e-20 9.86217e-21 
3.22e-09 7.22917e-09 1.83438e-06 1.35164e-14 1.44198e-20 9.83932e-21 
3.24e-09 8.03854e-09 4.63004e-06 1.44402e-14 1.44198e-20 9.81177e-21 
3.26e-09 8.88414e-09 7.60465e-06 1.53059e-14 1.44198e-20 9.77962e-21 
3.28e-09 9.75785e-09 1.07473e-05 1.61206e-14 1.44198e-20 9.743e-21 
3.3e-09 1.06516e-08 1.40484e-05 1.68902e-14 1.44198e-20 9.70207e-21 
3.32e-09 1.15576e-08 1.74993e-05 1.76193e-14 1.44198e-20 9.65697e-21 
3.34e-09 1.24678e-08 2.10924e-05 1.83114e-14 1.44198e-20 9.60789e-21 
3.36e-09 1.33747e-08 2.48205e-05 1.89695e-14 1.44198e-20 9.55499e-21 
3.38e-09 1.42705e-08 2.8677e-05 1.95957e-14 1.44198e-20 9.49847e-21 
3.4e-09 1.51477e-08 3.26558e-05 2.01917e-14 1.44198e-20 9.4385e-21 
3.42e-09 1.5999e-08 3.67508e-05 2.07586e-14 1.44198e-20 9.37528e-21 
3.44e-09 1.68172e-08 4.09564e-05 2.12973e-14 1.44198e-20 9.30903e-21 
3.46e-09 1.75952e-08 4.52669e-05 2.18083e-14 1.44198e-20 9.23994e-21 
3.48e-09 1.83264e-08 4.9677e-05 2.22921e-14 1.44198e-20 9.16824e-21 
3.5e-09 1.90044e-08 5.41811e-05 2.27488e-14 1.44198e-20 9.09415e-21 
3.52e-09 1.96229e-08 5.87738e-05 2.31786e-14 1.44198e-20 9.01791e-21 
3.54e-09 2.01764e-08 6.34498e-05 2.35813e-14 1.44198e-20 8.93976e-21 
3.56e-09 2.06595e-08 6.82036e-05 2.3957e-14 1.44198e-20 8.85997e-21 
3.58e-09 2.10674e-08 7.30299e-05 2.43055e-14 1.44198e-20 8.77878e-21 
3.6e-09 2.13957e-08 7.79231e-05 2.46268e-14 1.44198e-20 8.69647e-21 
3.62e-09 2.16407e-08 8.28778e-05 2.49206e-14 1.44198e-20 8.61331e-21 
3.64e-09 2.17991e-08 8.78886e-05 2.51868e-14 1.44198e-20 8.52959e-21 
3.66e-09 2.18683e-08 9.29498e-05 2.54254e-14 1.44198e-20 8.44557e-21 
3.68e-09 2.18462e-08 9.8056e-05 2.56361e-14 1.44198e-20 8.36154e-21 
3.7e-09 2.17314e-08 0.000103201 2.58189e-14 1.44198e-20 8.27779e-21 
3.72e-09 2.15232e-08 0.000108381 2.59735e-14 1.44198e-20 8.19461e-21 
3.74e-09 2.12213e-08 0.000113588 2.60999e-14 1.44198e-20 8.11227e-21 
3.76e-09 2.08264e-08 0.000118818 2.61978e-14 1.44198e-20 8.03104e-21 
3.78e-09 2.03397e-08 0.000124064 2.62669e-14 1.44198e-20 7.95121e-21 
3.8e-09 1.97628e-08 0.000129322 2.63068e-14 1.44198e-20 7.87303e-21 
3.82e-09 1.90984e-08 0.000134584 2.6317e-14 1.44198e-20 7.79676e-21 
3.84e-09 1.83494e-08 0.000139845 2.62968e-14 1.44198e-20 7.72265e-21 
3.86e-09 1.75195e-08 0.0001451 2.62453e-14 1.44198e-20 7.65094e-21 
3.88e-09 1.66132e-08 0.00015034 2.61611e-14 1.44198e-20 7.58184e-21 
3.9e-09 1.56352e-08 0.000155561 2.60427e-14 1.44198e-20 7.51556e-21 
3.92e-09 1.45912e-08 0.000160754 2.5888e-14 1.44198e-20 7.45231e-21 
3.94e-09 1.34871e-08 0.000165912 2.5694e-14 1.44198e-20 7.39226e-21 
3.96e-09 1.23298e-08 0.000171027 2.54575e-14 1.44198e-20 7.33559e-21 
3.98e-09 1.11264e-08 0.00017609 2.5174e-14 1.44198e-20 7.28243e-21 
4e-09 9.88507e-09 0.000181091 2.48381e-14 1.44198e-20 7.23293e-21 
4.02e-09 8.61426e-09 0.00018602 2.44428e-14 1.44198e-20 7.18719e-21 
4.04e-09 7.32331e-09 0.000190862 2.39799e-14 1.44198e-20 7.14532e-21 
4.06e-09 6.02229e-09 0.000195604 2.34388e-14 1.44198e-20 7.10737e-21 
4.08e-09 4.72209e-09 0.000200228 2.28069e-14 1.44198e-20 7.07341e-21 
4.1e-09 3.43452e-09 0.000204716 2.20686e-14 1.44198e-20 7.04344e-21 
4.12e-09 2.17241e-09 0.000209043 2.12049e-14 1.44198e-20 7.01745e-21 
4.14e-09 9.49741e-10 0.000213183 2.01929e-14 1.44198e-20 6.99541e-21 
4.16e-09 -2.18234e-10 0.000217103 1.90047e-14 1.44198e-20 6.97721e-21 
4.18e-09 -1.31483e-09 0.000220764 1.76066e-14 1.44198e-20 6.96272e-21 
4.2e-09 -2.32176e-09 0.00022412 1.5958e-14 1.44198e-20 6.95172e-21 
4.22e-09 -3.21898e-09 0.000227117 1.40098e-14 1.44198e-20 6.94394e-21 
4.24e-09 -3.98448e-09 0.000229688 1.17032e-14 1.44198e-20 6.93899e-21 
4.26e-09 -4.59416e-09 0.000231755 8.96717e-15 1.44198e-20 6.93639e-21 
4.28e-09 -5.02167e-09 0.000233224 5.7167e-15 1.44198e-20 6.93551e-21 
4.3e-09 -5.2235e-09 0.000233929 1.33341e-15 1.44199e-20 6.93551e-21 
4.32e-09 -5.17165e-09 0.000233744 -3.18278e-15 1.44197e-20 6.93551e-21 
4.34e-09 -4.87596e-09 0.000232663 -7.62908e-15 1.4418e-20 6.93551e-21 
4.36e-09 -4.35546e-09 0.000230703 -1.19684e-14 1.44133e-20 6.93551e-21 
4.38e-09 -3.63302e-09 0.000227889 -1.61694e-14 1.44038e-20 6.93551e-21 
4.4e-09 -2.73451e-09 0.000224251 -2.021e-14 1.43878e-20 6.93551e-21 
4.42e-09 -1.688e-09 0.000219823 -2.40717e-14 1.43635e-20 6.93551e-21 
4.44e-09 -5.23274e-10 0.000214642 -2.7735e-14 1.43291e-20 6.93551e-21 
4.46e-09 7.28705e-10 0.000208751 -3.11798e-14 1.42832e-20 6.93551e-21 
4.48e-09 2.03627e-09 0.000202194 -3.43864e-14 1.42242e-20 6.93551e-21 
4.5e-09 3.36764e-09 0.000195022 -3.73359e-14 1.41508e-20 6.93551e-21 
4.52e-09 4.69152e-09 0.000187287 -4.00101e-14 1.40622e-20 6.93551e-21 
4.54e-09 5.97767e-09 0.000179047 -4.23926e-14 1.39576e-20 6.93551e-21 
4.56e-09 7.19752e-09 0.000170361 -4.44686e-14 1.38368e-20 6.93551e-21 
4.58e-09 8.32474e-09 0.000161292 -4.62255e-14 1.36998e-20 6.93551e-21 
4.6e-09 9.33574e-09 0.000151904 -4.7653e-14 1.35471e-20 6.93551e-21 
4.62e-09 1.02101e-08 0.000142264 -4.87431e-14 1.33796e-20 6.93551e-21 
4.64e-09 1.09311e-08 0.000132441 -4.94907e-14 1.31985e-20 6.93551e-21 
4.66e-09 1.14859e-08 0.000122502 -4.98933e-14 1.30053e-20 6.93551e-21 
4.68e-09 1.18658e-08 0.000112518 -4.99513e-14 1.28021e-20 6.93551e-21 
4.7e-09 1.20664e-08 0.000102556 -4.96682e-14 1.2591e-20 6.93551e-21 
4.72e-09 1.20876e-08 9.26841e-05 -4.90501e-14 1.23744e-20 6.93551e-21 
4.74e-09 1.19337e-08 8.29685e-05 -4.81064e-14 1.2155e-20 6.93551e-21 
4.76e-09 1.1613e-08 7.34729e-05 -4.68492e-14 1.19355e-20 6.93551e-21 
4.78e-09 1.11376e-08 6.42587e-05 -4.52935e-14 1.17186e-20 6.93551e-21 
4.8e-09 1.05232e-08 5.53836e-05 -4.34571e-14 1.15071e-20 6.93551e-21 
4.82e-09 9.78871e-09 4.69018e-05 -4.13605e-14 1.13034e-20 6.93551e-21 
4.84e-09 8.95536e-09 3.88631e-05 -3.90265e-14 1.11101e-20 6.93551e-21 
4.86e-09 8.04654e-09 3.13124e-05 -3.64807e-14 1.09293e-20 6.93551e-21 
4.88e-09 7.08702e-09 2.42893e-05 -3.37505e-14 1.07628e-20 6.93551e-21 
4.9e-09 6.10232e-09 1.78277e-05 -3.08656e-14 1.06121e-20 6.93551e-21 
4.92e-09 5.11804e-09 1.19554e-05 -2.78572e-14 1.04782e-20 6.93551e-21 
4.94e-09 4.15922e-09 6.69383e-06 -2.47584e-14 1.03618e-20 6.93551e-21 
4.96e-09 3.24963e-09 2.05766e-06 -2.16033e-14 1.0263e-20 6.93551e-21 
4.98e-09 2.41119e-09 -1.94542e-06 -1.84274e-14 1.01816e-20 6.93551e-21 
5e-09 1.66334e-09 -5.31483e-06 -1.52667e-14 1.01168e-20 6.93551e-21 
5.02e-09 1.02255e-09 -8.05728e-06 -1.21578e-14 1.00674e-20 6.93551e-21 
5.04e-09 5.01838e-10 -1.01868e-05 -9.1377e-15 1.00321e-20 6.93551e-21 
5.06e-09 1.10395e-10 -1.17249e-05 -6.24315e-15 1.00089e-20 6.93551e-21 
5.08e-09 -1.46683e-10 -1.27003e-05 -3.51061e-15 9.99585e-21 6.93551e-21 
5.1e-09 -2.68765e-10 -1.31496e-05 -9.82916e-16 9.99062e-21 6.93551e-21 
5.12e-09 -2.60714e-10 -1.31208e-05 1.27168e-15 9.9909e-21 6.93551e-21 
5.14e-09 -1.33803e-10 -1.26754e-05 3.18191e-15 9.99434e-21 6.93551e-21 
5.16e-09 9.49146e-11 -1.18869e-05 4.70291e-15 9.99877e-21 6.93551e-21 
5.18e-09 4.03897e-10 -1.08365e-05 5.80167e-15 1.00023e-20 6.93551e-21 
5.2e-09 7.68623e-10 -9.60905e-06 6.47248e-15 1.00037e-20 6.93551e-21 
5.22e-09 1.20065e-09 -8.16458e-06 7.97225e-15 1.00037e-20 6.93385e-21 
5.24e-09 1.71955e-09 -6.43462e-06 9.32732e-15 1.00037e-20 6.9283e-21 
5.26e-09 2.31567e-09 -4.44582e-06 1.05607e-14 1.00037e-20 6.9184e-21 
5.28e-09 2.97975e-09 -2.22063e-06 1.16913e-14 1.00037e-20 6.90388e-21 
5.3e-09 3.70293e-09 2.21956e-07 1.27346e-14 1.00037e-20 6.88465e-21 
5.32e-09 4.47659e-09 2.86575e-06 1.37034e-14 1.00037e-20 6.86071e-21 
5.34e-09 5.29238e-09 5.69688e-06 1.4608e-14 1.00037e-20 6.83213e-21 
5.36e-09 6.14207e-09 8.70336e-06 1.54568e-14 1.00037e-20 6.79901e-21 
5.38e-09 7.01762e-09 1.18747e-05 1.62566e-14 1.00037e-20 6.76149e-21 
5.4e-09 7.91105e-09 1.52016e-05 1.70128e-14 1.00037e-20 6.71973e-21 
5.42e-09 8.81449e-09 1.86759e-05 1.77297e-14 1.00037e-20 6.67387e-21 
5.44e-09 9.72018e-09 2.22899e-05 1.84106e-14 1.00037e-20 6.62409e-21 
5.46e-09 1.06204e-08 2.60368e-05 1.90581e-14 1.00037e-20 6.57057e-21 
5.48e-09 1.15076e-08 2.991e-05 1.96744e-14 1.00037e-20 6.51349e-21 
5.5e-09 1.23743e-08 3.39035e-05 2.02607e-14 1.00037e-20 6.45304e-21 
5.52e-09 1.32132e-08 3.80114e-05 2.08183e-14 1.00037e-20 6.38941e-21 
5.54e-09 1.40172e-08 4.22281e-05 2.13479e-14 1.00037e-20 6.32281e-21 
5.56e-09 1.47794e-08 4.65478e-05 2.18499e-14 1.00037e-20 6.25345e-21 
5.58e-09 1.54932e-08 5.09653e-05 2.23247e-14 1.00037e-20 6.18155e-21 
5.6e-09 1.61522e-08 5.5475e-05 2.27725e-14 1.00037e-20 6.10734e-21 
5.62e-09 1.67505e-08 6.00716e-05 2.31933e-14 1.00037e-20 6.03105e-21 
5.64e-09 1.72824e-08 6.47497e-05 2.3587e-14 1.00037e-20 5.95293e-21 
5.66e-09 1.77429e-08 6.95037e-05 2.39536e-14 1.00037e-20 5.87324e-21 
5.68e-09 1.81272e-08 7.43284e-05 2.4293e-14 1.00037e-20 5.79224e-21 
5.7e-09 1.84312e-08 7.92182e-05 2.46049e-14 1.00037e-20 5.7102e-21 
5.72e-09 1.86513e-08 8.41676e-05 2.48894e-14 1.00037e-20 5.62739e-21 
5.74e-09 1.87844e-08 8.91711e-05 2.51461e-14 1.00037e-20 5.54408e-21 
5.76e-09 1.8828e-08 9.42233e-05 2.53751e-14 1.00037e-20 5.46057e-21 
5.78e-09 1.87802e-08 9.93184e-05 2.55761e-14 1.00037e-20 5.37714e-21 
5.8e-09 1.86399e-08 0.000104451 2.57491e-14 1.00037e-20 5.29406e-21 
5.82e-09 1.84065e-08 0.000109615 2.58937e-14 1.00037e-20 5.21162e-21 
5.84e-09 1.808e-08 0.000114806 2.601e-14 1.00037e-20 5.13009e-21 
5.86e-09 1.76612e-08 0.000120016 2.60975e-14 1.00037e-20 5.04977e-21 
5.88e-09 1.71514e-08 0.000125242 2.61561e-14 1.00037e-20 4.9709e-21 
5.9e-09 1.65526e-08 0.000130476 2.61852e-14 1.00037e-20 4.89376e-21 
5.92e-09 1.58675e-08 0.000135713 2.61842e-14 1.00037e-20 4.81859e-21 
5.94e-09 1.50993e-08 0.000140946 2.61524e-14 1.00037e-20 4.74564e-21 
5.96e-09 1.42519e-08 0.00014617 2.60888e-14 1.00037e-20 4.67514e-21 
5.98e-09 1.33299e-08 0.000151379 2.59918e-14 1.00037e-20 4.6073e-21 
6e-09 1.23382e-08 0.000156564 2.58598e-14 1.00037e-20 4.54235e-21 
6.02e-09 1.12826e-08 0.000161719 2.56904e-14 1.00037e-20 4.48046e-21 
6.04e-09 1.01695e-08 0.000166836 2.54805e-14 1.00037e-20 4.42181e-21 
6.06e-09 9.00553e-09 0.000171907 2.52265e-14 1.00037e-20 4.36656e-21 
6.08e-09 7.79838e-09 0.000176922 2.49236e-14 1.00037e-20 4.31487e-21 
6.1e-09 6.55613e-09 0.00018187 2.45658e-14 1.00037e-20 4.26684e-21 
6.12e-09 5.28762e-09 0.000186742 2.41459e-14 1.00037e-20 4.2226e-21 
6.14e-09 4.00238e-09 0.000191522 2.36547e-14 1.00037e-20 4.18223e-21 
6.16e-09 2.71074e-09 0.000196195 2.30811e-14 1.00037e-20 4.14579e-21 
6.18e-09 1.42389e-09 0.000200745 2.24114e-14 1.00037e-20 4.11332e-21 
6.2e-09 1.53969e-10 0.000205149 2.16291e-14 1.00037e-20 4.08483e-21 
6.22e-09 -1.08582e-09 0.000209383 2.07137e-14 1.00037e-20 4.06029e-21 
6.24e-09 -2.28108e-09 0.000213418 1.96408e-14 1.00037e-20 4.03965e-21 
6.26e-09 -3.41607e-09 0.00021722 1.83806e-14 1.00037e-20 4.0228e-21 
6.28e-09 -4.47357e-09 0.000220748 1.68971e-14 1.00037e-20 4.00958e-21 
6.3e-09 -5.43469e-09 0.000223953 1.5147e-14 1.00037e-20 3.99975e-21 
6.32e-09 -6.2787e-09 0.000226775 1.3078e-14 1.00037e-20 3.99301e-21 
6.34e-09 -6.98286e-09 0.000229146 1.06274e-14 1.00037e-20 3.98893e-21 
6.36e-09 -7.52226e-09 0.00023098 7.71969e-15 1.00037e-20 3.987e-21 
6.38e-09 -7.86965e-09 0.000232179 4.26418e-15 1.00037e-20 3.98652e-21 
6.4e-09 -7.9841e-09 0.000232581 -2.44348e-16 1.00038e-20 3.98652e-21 
6.42e-09 -7.84616e-09 0.000232086 -4.70798e-15 1.00033e-20 3.98652e-21 
6.44e-09 -7.47175e-09 0.000230706 -9.08891e-15 1.00008e-20 3.98652e-21 
6.46e-09 -6.88112e-09 0.000228462 -1.33505e-14 9.99475e-21 3.98652e-21 
6.48e-09 -6.09826e-09 0.000225381 -1.74579e-14 9.98339e-21 3.98652e-21 
6.5e-09 -5.15018e-09 0.000221497 -2.13843e-14 9.96501e-21 3.98652e-21 
6.52e-09 -4.06594e-09 0.000216847 -2.51117e-14 9.93789e-21 3.98652e-21 
6.54e-09 -2.87599e-09 0.000211474 -2.86227e-14 9.90038e-21 3.98652e-21 
6.56e-09 -1.61158e-09 0.000205422 -3.18998e-14 9.85095e-21 3.98652e-21 
6.58e-09 -3.04278e-10 0.000198739 -3.49252e-14 9.78827e-21 3.98652e-21 
6.6e-09 1.01456e-09 0.000191478 -3.7682e-14 9.71125e-21 3.98652e-21 
6.62e-09 2.31439e-09 0.000183695 -4.01541e-14 9.61907e-21 3.98652e-21 
6.64e-09 3.56605e-09 0.000175447 -4.23268e-14 9.51125e-21 3.98652e-21 
6.66e-09 4.7423e-09 0.000166795 -4.41873e-14 9.38767e-21 3.98652e-21 
6.68e-09 5.81836e-09 0.000157804 -4.57247e-14 9.24856e-21 3.98652e-21 
6.7e-09 6.77242e-09 0.000148538 -4.69305e-14 9.09457e-21 3.98652e-21 
6.72e-09 7.58602e-09 0.000139066 -4.77986e-14 8.92669e-21 3.98652e-21 
6.74e-09 8.24443e-09 0.000129453 -4.83253e-14 8.74632e-21 3.98652e-21 
6.76e-09 8.73692e-09 0.00011977 -4.85101e-14 8.55517e-21 3.98652e-21 
6.78e-09 9.05695e-09 0.000110083 -4.83549e-14 8.35525e-21 3.98652e-21 
6.8e-09 9.20224e-09 0.000100461 -4.78647e-14 8.14886e-21 3.98652e-21 
6.82e-09 9.17477e-09 9.097e-05 -4.70474e-14 7.93847e-21 3.98652e-21 
6.84e-09 8.98069e-09 8.16738e-05 -4.59138e-14 7.7267e-21 3.98652e-21 
6.86e-09 8.6301e-09 7.26347e-05 -4.44775e-14 7.51623e-21 3.98652e-21 
6.88e-09 8.13677e-09 6.39115e-05 -4.27549e-14 7.30975e-21 3.98652e-21 
6.9e-09 7.51773e-09 5.55595e-05 -4.07651e-14 7.10987e-21 3.98652e-21 
6.92e-09 6.79284e-09 4.763e-05 -3.85299e-14 6.91904e-21 3.98652e-21 
6.94e-09 5.98424e-09 4.01696e-05 -3.60734e-14 6.73952e-21 3.98652e-21 
6.96e-09 5.11579e-09 3.32201e-05 -3.34221e-14 6.57325e-21 3.98652e-21 
6.98e-09 4.2124e-09 2.68174e-05 -3.06046e-14 6.42186e-21 3.98652e-21 
7e-09 3.29944e-09 2.09918e-05 -2.76514e-14 6.28658e-21 3.98652e-21 
7.02e-09 2.40199e-09 1.57672e-05 -2.45946e-14 6.16824e-21 3.98652e-21 
7.04e-09 1.54425e-09 1.1161e-05 -2.14679e-14 6.0672e-21 3.98652e-21 
7.06e-09 7.48841e-10 7.18356e-06 -1.83061e-14 5.98338e-21 3.98652e-21 
7.08e-09 3.62282e-11 3.83846e-06 -1.5145e-14 5.91626e-21 3.98652e-21 
7.1e-09 -5.7586e-10 1.12186e-06 -1.2021e-14 5.86487e-21 3.98652e-21 
7.12e-09 -1.07293e-09 -9.77351e-07 -8.97111e-15 5.82788e-21 3.98652e-21 
7.14e-09 -1.44412e-09 -2.47768e-06 -6.03218e-15 5.80358e-21 3.98652e-21 
7.16e-09 -1.68256e-09 -3.405e-06 -3.24101e-15 5.79002e-21 3.98652e-21 
7.18e-09 -1.78572e-09 -3.7929e-06 -6.37993e-16 5.785e-21 3.98652e-21 
7.2e-09 -1.75636e-09 -3.68567e-06 1.71027e-15 5.78619e-21 3.98652e-21 
7.22e-09 -1.60367e-09 -3.14161e-06 3.73038e-15 5.79119e-21 3.98652e-21 
7.24e-09 -1.34279e-09 -2.23101e-06 5.37556e-15 5.7977e-21 3.98652e-21 
7.26e-09 -9.93585e-10 -1.03232e-06 6.6114e-15 5.8037e-21 3.98652e-21 
7.28e-09 -5.7994e-10 3.69434e-07 7.40612e-15 5.80759e-21 3.98652e-21 
7.3e-09 -1.16831e-10 1.92453e-06 8.14482e-15 5.80831e-21 3.98652e-21 
7.32e-09 4.15427e-10 3.70204e-06 9.63033e-15 5.80831e-21 3.98339e-21 
7.34e-09 1.03369e-09 5.76293e-06 1.09786e-14 5.80831e-21 3.9757e-21 
7.36e-09 1.72818e-09 8.08192e-06 1.22113e-14 5.80831e-21 3.96308e-21 
7.38e-09 2.48951e-09 1.06377e-05 1.33465e-14 5.80831e-21 3.94538e-21 
7.4e-09 3.30859e-09 1.34122e-05 1.43989e-14 5.80831e-21 3.92256e-21 
7.42e-09 4.17661e-09 1.63902e-05 1.53804e-14 5.80831e-21 3.89466e-21 
7.44e-09 5.08492e-09 1.95583e-05 1.63011e-14 5.80831e-21 3.86181e-21 
7.46e-09 6.02505e-09 2.29053e-05 1.71686e-14 5.80831e-21 3.82412e-21 
7.48e-09 6.98862e-09 2.64211e-05 1.79895e-14 5.80831e-21 3.78175e-21 
7.5e-09 7.96733e-09 3.00969e-05 1.87688e-14 5.80831e-21 3.73488e-21 
7.52e-09 8.95299e-09 3.39248e-05 1.95105e-14 5.80831e-21 3.68369e-21 
7.54e-09 9.93743e-09 3.78977e-05 2.02178e-14 5.80831e-21 3.62835e-21 
7.56e-09 1.09126e-08 4.20088e-05 2.08932e-14 5.80831e-21 3.56905e-21 
7.58e-09 1.18706e-08 4.62519e-05 2.15385e-14 5.80831e-21 3.50598e-21 
7.6e-09 1.28035e-08 5.06213e-05 2.21551e-14 5.80831e-21 3.43936e-21 
7.62e-09 1.37037e-08 5.51112e-05 2.2744e-14 5.80831e-21 3.36937e-21 
7.64e-09 1.45637e-08 5.97162e-05 2.33059e-14 5.80831e-21 3.29624e-21 
7.66e-09 1.53763e-08 6.44309e-05 2.38411e-14 5.80831e-21 3.22019e-21 
7.68e-09 1.61343e-08 6.925e-05 2.43501e-14 5.80831e-21 3.14146e-21 
7.7e-09 1.68313e-08 7.41683e-05 2.48329e-14 5.80831e-21 3.06027e-21 
7.72e-09 1.74607e-08 7.91806e-05 2.52895e-14 5.80831e-21 2.97688e-21 
7.74e-09 1.80169e-08 8.42815e-05 2.572e-14 5.80831e-21 2.89156e-21 
7.76e-09 1.84942e-08 8.94659e-05 2.61241e-14 5.80831e-21 2.80456e-21 
7.78e-09 1.88878e-08 9.47285e-05 2.65018e-14 5.80831e-21 2.71617e-21 
7.8e-09 1.91932e-08 0.000100064 2.68529e-14 5.80831e-21 2.62666e-21 
7.82e-09 1.94064e-08 0.000105467 2.71772e-14 5.80831e-21 2.53633e-21 
7.84e-09 1.95243e-08 0.000110932 2.74746e-14 5.80831e-21 2.44547e-21 
7.86e-09 1.95441e-08 0.000116454 2.77449e-14 5.80831e-21 2.35438e-21 
7.88e-09 1.94637e-08 0.000122027 2.79878e-14 5.80831e-21 2.26335e-21 
7.9e-09 1.92819e-08 0.000127647 2.82032e-14 5.80831e-21 2.17269e-21 
7.92e-09 1.8998e-08 0.000133306 2.83908e-14 5.80831e-21 2.0827e-21 
7.94e-09 1.86118e-08 0.000139 2.85503e-14 5.80831e-21 1.99368e-21 
7.96e-09 1.8124e-08 0.000144723 2.86812e-14 5.80831e-21 1.90592e-21 
7.98e-09 1.7536e-08 0.00015047 2.87831e-14 5.80831e-21 1.81971e-21 
8e-09 1.68498e-08 0.000156233 2.88552e-14 5.80831e-21 1.73533e-21 
8.02e-09 1.60682e-08 0.000162009 2.88966e-14 5.80831e-21 1.65306e-21 
8.04e-09 1.51945e-08 0.000167789 2.89063e-14 5.80831e-21 1.57316e-21 
8.06e-09 1.42327e-08 0.000173568 2.88825e-14 5.80831e-21 1.49589e-21 
8.08e-09 1.31877e-08 0.000179338 2.88234e-14 5.80831e-21 1.42149e-21 
8.1e-09 1.20649e-08 0.000185093 2.87265e-14 5.80831e-21 1.3502e-21 
8.12e-09 1.08703e-08 0.000190825 2.85885e-14 5.80831e-21 1.28222e-21 
8.14e-09 9.61084e-09 0.000196524 2.84055e-14 5.80831e-21 1.21776e-21 
8.16e-09 8.29397e-09 0.000202182 2.81725e-14 5.80831e-21 1.15702e-21 
8.18e-09 6.92798e-09 0.000207788 2.78831e-14 5.80831e-21 1.10015e-21 
8.2e-09 5.52194e-09 0.000213329 2.75298e-14 5.80831e-21 1.04731e-21 
8.22e-09 4.08575e-09 0.000218792 2.71029e-14 5.80831e-21 9.98633e-22 
8.24e-09 2.63025e-09 0.000224162 2.65909e-14 5.80831e-21 9.5423e-22 
8.26e-09 1.16726e-09 0.000229419 2.59794e-14 5.80831e-21 9.14184e-22 
8.28e-09 -2.90312e-10 0.000234542 2.52512e-14 5.80831e-21 8.78552e-22 
8.3e-09 -1.72829e-09 0.000239505 2.4385e-14 5.80831e-21 8.47357e-22 
8.32e-09 -3.13117e-09 0.000244279 2.33553e-14 5.80831e-21 8.20585e-22 
8.34e-09 -4.48188e-09 0.000248828 2.21311e-14 5.80831e-21 7.98174e-22 
8.36e-09 -5.76168e-09 0.000253109 2.06751e-14 5.80831e-21 7.80008e-22 
8.38e-09 -6.94988e-09 0.00025707 1.8942e-14 5.80831e-21 7.659e-22 
8.4e-09 -8.02373e-09 0.000260652 1.68777e-14 5.80831e-21 7.55583e-22 
8.42e-09 -8.95813e-09 0.000263782 1.44169e-14 5.80831e-21 7.48685e-22 
8.44e-09 -9.72548e-09 0.000266372 1.1481e-14 5.80831e-21 7.44712e-22 
8.46e-09 -1.02955e-08 0.000268317 7.97592e-15 5.80831e-21 7.43014e-22 
8.48e-09 -1.0628e-08 0.00026947 3.54869e-15 5.80831e-21 7.42759e-22 
8.5e-09 -1.06807e-08 0.000269656 -1.68584e-15 5.8084e-21 7.42759e-22 
8.52e-09 -1.04438e-08 0.000268799 -6.87893e-15 5.80736e-21 7.42759e-22 
8.54e-09 -9.93588e-09 0.000266913 -1.19904e-14 5.8035e-21 7.42759e-22 
8.56e-09 -9.18043e-09 0.000264015 -1.69811e-14 5.79489e-21 7.42759e-22 
8.58e-09 -8.20518e-09 0.000260136 -2.18135e-14 5.77949e-21 7.42759e-22 
8.6e-09 -7.04129e-09 0.000255309 -2.6457e-14 5.75521e-21 7.42759e-22 
8.62e-09 -5.72241e-09 0.000249574 -3.08901e-14 5.71998e-21 7.42759e-22 
8.64e-09 -4.28386e-09 0.000242976 -3.50932e-14 5.67178e-21 7.42759e-22 
8.66e-09 -2.76203e-09 0.000235562 -3.90464e-14 5.60878e-21 7.42759e-22 
8.68e-09 -1.19374e-09 0.000227384 -4.27297e-14 5.52932e-21 7.42759e-22 
8.7e-09 3.84297e-10 0.000218499 -4.61237e-14 5.43205e-21 7.42759e-22 
8.72e-09 1.93616e-09 0.000208966 -4.92102e-14 5.31592e-21 7.42759e-22 
8.74e-09 3.42737e-09 0.000198847 -5.19722e-14 5.18027e-21 7.42759e-22 
8.76e-09 4.82551e-09 0.000188211 -5.43946e-14 5.02483e-21 7.42759e-22 
8.78e-09 6.1008e-09 0.000177125 -5.64645e-14 4.84979e-21 7.42759e-22 
8.8e-09 7.22671e-09 0.000165661 -5.8171e-14 4.65575e-21 7.42759e-22 
8.82e-09 8.18038e-09 0.000153893 -5.9506e-14 4.44378e-21 7.42759e-22 
8.84e-09 8.9431e-09 0.000141896 -6.0464e-14 4.21538e-21 7.42759e-22 
8.86e-09 9.50057e-09 0.000129746 -6.10423e-14 3.97246e-21 7.42759e-22 
8.88e-09 9.84322e-09 0.000117517 -6.12412e-14 3.71729e-21 7.42759e-22 
8.9e-09 9.96625e-09 0.000105287 -6.1064e-14 3.45245e-21 7.42759e-22 
8.92e-09 9.86974e-09 9.31289e-05 -6.05168e-14 3.18081e-21 7.42759e-22 
8.94e-09 9.55854e-09 8.11163e-05 -5.9609e-14 2.9054e-21 7.42759e-22 
8.96e-09 9.04208e-09 6.93201e-05 -5.83528e-14 2.6294e-21 7.42759e-22 
8.98e-09 8.33412e-09 5.78085e-05 -5.67633e-14 2.35601e-21 7.42759e-22 
9e-09 7.45235e-09 4.66463e-05 -5.48585e-14 2.08838e-21 7.42759e-22 
9.02e-09 6.41794e-09 3.58945e-05 -5.26592e-14 1.82956e-21 7.42759e-22 
9.04e-09 5.25499e-09 2.56097e-05 -5.01887e-14 1.58238e-21 7.42759e-22 
9.06e-09 3.98995e-09 1.58436e-05 -4.74727e-14 1.3494e-21 7.42759e-22 
9.08e-09 2.65094e-09 6.64239e-06 -4.45393e-14 1.13285e-21 7.42759e-22 
9.1e-09 1.26706e-09 -1.9534e-06 -4.14185e-14 9.34536e-22 7.42759e-22 
9.12e-09 -1.32294e-10 -9.90948e-06 -3.81423e-14 7.55836e-22 7.42759e-22 
9.14e-09 -1.51817e-09 -1.71981e-05 -3.47442e-14 5.97642e-22 7.42759e-22 
9.16e-09 -2.86274e-09 -2.37984e-05 -3.12591e-14 4.60344e-22 7.42759e-22 
9.18e-09 -4.14002e-09 -2.96967e-05 -2.77231e-14 3.4383e-22 7.42759e-22 
9.2e-09 -5.32644e-09 -3.48863e-05 -2.41731e-14 2.47494e-22 7.42759e-22 
9.22e-09 -6.40143e-09 -3.93682e-05 -2.06465e-14 1.70259e-22 7.42759e-22 
9.24e-09 -7.34797e-09 -4.3151e-05 -1.71811e-14 1.10624e-22 7.42759e-22 
9.26e-09 -8.15292e-09 -4.62506e-05 -1.38145e-14 6.67197e-23 7.42759e-22 
9.28e-09 -8.80784e-09 -4.86921e-05 -1.06013e-14 3.63517e-23 7.42759e-22 
9.3e-09 -9.31039e-09 -5.05143e-05 -7.61974e-15 1.70561e-23 7.42759e-22 
9.32e-09 -9.66485e-09 -5.17694e-05 -4.93213e-15 6.22738e-24 7.42759e-22 
9.34e-09 -9.88107e-09 -5.25203e-05 -2.57676e-15 1.30326e-24 7.42759e-22 
9.36e-09 -9.97368e-09 -5.2837e-05 -5.89596e-16 -8.65744e-26 7.42759e-22 
9.38e-09 -9.96165e-09 -5.27963e-05 9.95875e-16 0 7.42759e-22 
9.4e-09 -9.86334e-09 -5.24668e-05 2.29911e-15 0 7.42701e-22 
9.42e-09 -9.68701e-09 -5.18785e-05 3.58454e-15 0 7.41323e-22 
9.44e-09 -9.43753e-09 -5.10468e-05 4.73251e-15 0 7.37801e-22 
9.46e-09 -9.12356e-09 -4.99972e-05 5.76291e-15 0 7.31633e-22 
9.48e-09 -8.75335e-09 -4.87518e-05 6.69183e-15 0 7.22533e-22 
9.5e-09 -8.33478e-09 -4.73294e-05 7.53213e-15 0 7.10358e-22 
9.52e-09 -7.87543e-09 -4.57468e-05 8.29392e-15 0 6.95071e-22 
9.54e-09 -7.38267e-09 -4.40189e-05 8.98497e-15 0 6.76702e-22 
9.56e-09 -6.8637e-09 -4.21593e-05 9.61098e-15 0 6.55336e-22 
9.58e-09 -6.32554e-09 -4.01806e-05 1.01759e-14 0 6.31092e-22 
9.6e-09 -5.77511e-09 -3.80948e-05 1.0682e-14 0 6.0412e-22 
9.62e-09 -5.2192e-09 -3.59136e-05 1.11301e-14 0 5.74596e-22 
9.64e-09 -4.66447e-09 -3.36486e-05 1.15197e-14 0 5.42721e-22 
9.66e-09 -4.11744e-09 -3.13118e-05 1.18489e-14 0 5.08717e-22 
9.68e-09 -3.58446e-09 -2.89154e-05 1.21145e-14 0 4.72834e-22 
9.7e-09 -3.07165e-09 -2.64728e-05 1.23117e-14 0 4.35347e-22 
9.72e-09 -2.58485e-09 -2.39982e-05 1.24346e-14 0 3.96564e-22 
9.74e-09 -2.12955e-09 -2.15072e-05 1.24754e-14 0 3.56825e-22 
9.76e-09 -1.71077e-09 -1.90172e-05 1.24244e-14 0 3.16509e-22 
9.78e-09 -1.33298e-09 -1.65477e-05 1.227e-14 0 2.76038e-22 
9.8e-09 -9.99938e-10 -1.41209e-05 1.1998e-14 0 2.35885e-22 
9.82e-09 -7.14522e-10 -1.1762e-05 1.15915e-14 0 1.96575e-22 
9.84e-09 -4.78546e-10 -9.4998e-06 1.10302e-14 0 1.58695e-22 
9.86e-09 -2.9251e-10 -7.36781e-06 1.02897e-14 0 1.22904e-22 
9.88e-09 -1.55308e-10 -5.40473e-06 9.3411e-15 0 8.99377e-23 
9.9e-09 -6.38821e-11 -3.65565e-06 8.1497e-15 0 6.06192e-23 
9.92e-09 -1.27948e-11 -2.17326e-06 6.67419e-15 0 3.58706e-23 
9.94e-09 6.28062e-12 -1.01931e-06 4.86524e-15 0 1.67246e-23 
9.96e-09 5.18066e-12 -2.66395e-07 2.66395e-15 0 4.33673e-24 
9.98e-09 0 0 0 0 0 

