0 -58.2288 194183 -0.000146139 5.76126e-15 0 
2e-11 -49.09 164298 -0.000152572 2.42397e-14 0 
4e-11 -39.5039 133175 -0.000158258 5.06902e-14 0 
6e-11 -29.6248 100967 -0.000163022 7.31908e-14 0 
8e-11 -19.6214 67863.2 -0.000166723 7.97733e-14 0 
1e-10 -9.67203 34078.9 -0.000169249 5.88498e-14 0 
1.2e-10 0.0408021 -147.049 -0.000170517 -3.48906e-16 0 
1.4e-10 9.3358 -34559.9 -0.000170468 -1.07347e-13 0 
1.6e-10 18.0379 -68893.4 -0.000169068 -2.7003e-13 0 
1.8e-10 25.9832 -102875 -0.000166301 -4.94303e-13 0 
2e-10 33.0232 -136230 -0.000162174 -7.83808e-13 0 
2.2e-10 39.0291 -168684 -0.00015671 -1.13973e-12 0 
2.4e-10 43.8949 -199971 -0.00014995 -1.56067e-12 0 
2.6e-10 47.5401 -229829 -0.000141948 -2.04263e-12 0 
2.8e-10 49.9121 -258013 -0.000132775 -2.57908e-12 0 
3e-10 50.9872 -284288 -0.000122513 -3.16107e-12 0 
3.2e-10 50.7713 -308440 -0.000111256 -3.77755e-12 0 
3.4e-10 49.2999 -330271 -9.91083e-05 -4.41559e-12 0 
3.6e-10 46.6369 -349606 -8.61833e-05 -5.06085e-12 0 
3.8e-10 42.873 -366293 -7.26023e-05 -5.69797e-12 0 
4e-10 38.1238 -380206 -5.84935e-05 -6.31104e-12 0 
4.2e-10 32.5266 -391244 -4.39904e-05 -6.88415e-12 0 
4.4e-10 26.2369 -399332 -2.92309e-05 -7.40189e-12 0 
4.6e-10 19.4251 -404426 -1.43561e-05 -7.84983e-12 0 
4.8e-10 12.2715 -406507 4.91206e-07 -8.21505e-12 0 
5e-10 4.96256 -405587 1.51672e-05 -8.48656e-12 0 
5.2e-10 -2.31414 -401708 2.95287e-05 -8.6557e-12 0 
5.4e-10 -9.37435 -394938 4.34342e-05 -8.71649e-12 0 
5.6e-10 -16.0418 -385375 5.67446e-05 -8.66583e-12 0 
5.8e-10 -22.1524 -373145 6.93251e-05 -8.50372e-12 0 
6e-10 -27.5586 -358401 8.10456e-05 -8.23328e-12 0 
6.2e-10 -32.1331 -341321 9.17822e-05 -7.86073e-12 0 
6.4e-10 -35.7716 -322110 0.000101418 -7.39525e-12 0 
6.6e-10 -38.3962 -300992 0.000109843 -6.84877e-12 0 
6.8e-10 -39.9568 -278216 0.000116959 -6.2356e-12 0 
7e-10 -40.433 -254050 0.000122674 -5.57205e-12 0 
7.2e-10 -39.8343 -228780 0.000126909 -4.87592e-12 0 
7.4e-10 -38.2004 -202706 0.000129595 -4.16595e-12 0 
7.6e-10 -35.6002 -176143 0.000130676 -3.46117e-12 0 
7.8e-10 -32.1301 -149415 0.000130108 -2.78034e-12 0 
8e-10 -27.9123 -122855 0.000127859 -2.14118e-12 0 
8.2e-10 -23.091 -96803 0.000123913 -1.55982e-12 0 
8.4e-10 -17.8296 -71600 0.000118265 -1.0501e-12 0 
8.6e-10 -12.3062 -47587.7 0.000110925 -6.22976e-13 0 
8.8e-10 -6.70947 -25105.2 0.000101918 -2.86028e-13 0 
9e-10 -1.23337 -4485.87 9.1282e-05 -4.29659e-14 0 
9.2e-10 3.92768 13945.4 7.907e-05 1.06713e-13 0 
9.4e-10 8.58412 29874.8 6.53487e-05 1.67983e-13 0 
9.6e-10 12.5565 43003 5.01985e-05 1.50416e-13 0 
9.8e-10 15.6804 53047.1 3.31877e-05 6.81906e-14 0 
1e-09 17.7801 59637.8 6.73667e-05 0 -5.50132e-14 
1.02e-09 21.9881 73391.2 6.06809e-05 0 -2.15717e-13 
1.04e-09 26.0085 86697.9 5.54883e-05 0 -4.06466e-13 
1.06e-09 29.5774 98822.5 5.11168e-05 0 -6.13835e-13 
1.08e-09 32.7134 109950 4.74188e-05 0 -8.29472e-13 
1.1e-09 35.4312 120232 4.42709e-05 0 -1.04785e-12 
1.12e-09 37.7424 129792 4.15703e-05 0 -1.26534e-12 
1.14e-09 39.6557 138731 3.92312e-05 0 -1.47959e-12 
1.16e-09 41.1778 147132 3.71824e-05 0 -1.68905e-12 
1.18e-09 42.3137 155059 3.53648e-05 0 -1.89273e-12 
1.2e-09 43.0673 162565 3.37293e-05 0 -2.08992e-12 
1.22e-09 43.442 169691 3.22357e-05 0 -2.28011e-12 
1.24e-09 43.4412 176470 3.08507e-05 0 -2.46288e-12 
1.26e-09 43.0687 182926 2.95472e-05 0 -2.63783e-12 
1.28e-09 42.3292 189079 2.83032e-05 0 -2.80458e-12 
1.3e-09 41.2288 194942 2.71008e-05 0 -2.96272e-12 
1.32e-09 39.7748 200525 2.59259e-05 0 -3.11181e-12 
1.34e-09 37.9766 205835 2.47674e-05 0 -3.25139e-12 
1.36e-09 35.8454 210875 2.36165e-05 0 -3.38098e-12 
1.38e-09 33.3944 215650 2.24669e-05 0 -3.50009e-12 
1.4e-09 30.6392 220158 2.13138e-05 0 -3.60822e-12 
1.42e-09 27.5973 224400 2.01538e-05 0 -3.70488e-12 
1.44e-09 24.2884 228376 1.89848e-05 0 -3.78962e-12 
1.46e-09 20.7344 232083 1.78056e-05 0 -3.86199e-12 
1.48e-09 16.9591 235520 1.66157e-05 0 -3.9216e-12 
1.5e-09 12.9878 238686 1.54152e-05 0 -3.96811e-12 
1.52e-09 8.84781 241578 1.42044e-05 0 -4.00124e-12 
1.54e-09 4.56755 244195 1.29841e-05 0 -4.02077e-12 
1.56e-09 0.17669 246535 1.17547e-05 0 -4.02655e-12 
1.58e-09 -4.2942 248597 1.05167e-05 0 -4.01852e-12 
1.6e-09 -8.81386 250379 9.27014e-06 0 -3.99668e-12 
1.62e-09 -13.3506 251881 8.01465e-06 0 -3.96113e-12 
1.64e-09 -17.8726 253101 6.74903e-06 0 -3.91204e-12 
1.66e-09 -22.348 254038 5.47115e-06 0 -3.84964e-12 
1.68e-09 -26.7451 254688 4.17765e-06 0 -3.77428e-12 
1.7e-09 -31.0328 255050 2.86367e-06 0 -3.68636e-12 
1.72e-09 -35.1804 255120 1.52248e-06 0 -3.58633e-12 
1.74e-09 -39.1578 254891 1.45142e-07 0 -3.47473e-12 
1.76e-09 -42.9358 254358 -1.28002e-06 0 -3.35216e-12 
1.78e-09 -46.4855 253509 -2.76793e-06 0 -3.21926e-12 
1.8e-09 -49.779 252332 -4.33737e-06 0 -3.07673e-12 
1.82e-09 -52.7887 250809 -6.01179e-06 0 -2.9253e-12 
1.84e-09 -55.4872 248918 -7.82018e-06 0 -2.76577e-12 
1.86e-09 -57.8474 246629 -9.79815e-06 0 -2.59897e-12 
1.88e-09 -59.8415 243907 -1.19892e-05 0 -2.42575e-12 
1.9e-09 -61.4413 240704 -1.44461e-05 0 -2.24703e-12 
1.92e-09 -62.6172 236963 -1.72331e-05 0 -2.06379e-12 
1.94e-09 -63.3379 232612 -2.04275e-05 0 -1.87707e-12 
1.96e-09 -63.5695 227561 -2.41226e-05 0 -1.688e-12 
1.98e-09 -63.2751 221701 -2.84309e-05 0 -1.49782e-12 
2e-09 -62.4141 214898 -3.34871e-05 0 -1.30794e-12 
2.02e-09 -60.9412 206988 -3.94532e-05 0 -1.11995e-12 
2.04e-09 -58.8058 197771 -4.65232e-05 0 -9.35708e-13 
2.06e-09 -55.9513 187005 -5.49297e-05 0 -7.57388e-13 
2.08e-09 -52.3144 174397 -6.49511e-05 0 -5.87597e-13 
2.1e-09 -47.8251 159592 -7.69202e-05 0 -4.29467e-13 
2.12e-09 -42.4059 142163 -9.12354e-05 0 -2.86798e-13 
2.14e-09 -35.9723 121596 -0.000108373 0 -1.64211e-13 
2.16e-09 -28.4335 97269.6 -0.000128902 0 -6.73477e-14 
2.18e-09 -19.6934 68440.6 -0.000153454 0 -2.74975e-15 
2.2e-09 -8.17913 28989.8 -0.00021363 1.88847e-14 0 
2.22e-09 3.90759 -14182.8 -0.000211098 -2.02715e-14 0 
2.24e-09 15.2054 -56757.2 -0.000207381 -1.30262e-13 0 
2.26e-09 25.5422 -98495.5 -0.000202652 -3.19181e-13 0 
2.28e-09 34.7727 -139195 -0.00019683 -5.92565e-13 0 
2.3e-09 42.7663 -178638 -0.000189865 -9.53107e-13 0 
2.32e-09 49.4119 -216595 -0.000181734 -1.4005e-12 0 
2.34e-09 54.6218 -252835 -0.000172443 -1.93135e-12 0 
2.36e-09 58.3346 -287126 -0.000162018 -2.53923e-12 0 
2.38e-09 60.5177 -319245 -0.00015051 -3.21477e-12 0 
2.4e-09 61.169 -348976 -0.000137982 -3.94591e-12 0 
2.42e-09 60.3169 -376119 -0.000124517 -4.71817e-12 0 
2.44e-09 58.0208 -400489 -0.000110213 -5.51512e-12 0 
2.46e-09 54.3697 -421924 -9.51756e-05 -6.31876e-12 0 
2.48e-09 49.4807 -440280 -7.95251e-05 -7.11011e-12 0 
2.5e-09 43.496 -455441 -6.33888e-05 -7.86973e-12 0 
2.52e-09 36.5804 -467315 -4.69014e-05 -8.57837e-12 0 
2.54e-09 28.9171 -475837 -3.02033e-05 -9.21748e-12 0 
2.56e-09 20.7037 -480972 -1.3439e-05 -9.76988e-12 0 
2.58e-09 12.1474 -482714 3.24416e-06 -1.02203e-11 0 
2.6e-09 3.46083 -481085 1.96977e-05 -1.05557e-11 0 
2.62e-09 -5.14381 -476139 3.57729e-05 -1.0766e-11 0 
2.64e-09 -13.4591 -467958 5.13229e-05 -1.08444e-11 0 
2.66e-09 -21.2874 -456656 6.62029e-05 -1.07873e-11 0 
2.68e-09 -28.4458 -442374 8.02726e-05 -1.05949e-11 0 
2.7e-09 -34.7701 -425281 9.33962e-05 -1.0271e-11 0 
2.72e-09 -40.119 -405573 0.000105445 -9.82318e-12 0 
2.74e-09 -44.3773 -383474 0.000116296 -9.26221e-12 0 
2.76e-09 -47.459 -359230 0.000125836 -8.60224e-12 0 
2.78e-09 -49.3089 -333109 0.000133961 -7.86018e-12 0 
2.8e-09 -49.9047 -305401 0.000140577 -7.05522e-12 0 
2.82e-09 -49.2568 -276414 0.000145601 -6.20836e-12 0 
2.84e-09 -47.4089 -246472 0.000148961 -5.34167e-12 0 
2.86e-09 -44.4365 -215911 0.000150599 -4.47769e-12 0 
2.88e-09 -40.4455 -185082 0.000150469 -3.63864e-12 0 
2.9e-09 -35.5694 -154342 0.00014854 -2.84572e-12 0 
2.92e-09 -29.9662 -124052 0.000144792 -2.11833e-12 0 
2.94e-09 -23.8149 -94580.7 0.000139222 -1.4734e-12 0 
2.96e-09 -17.3103 -66292.5 0.000131842 -9.24703e-13 0 
2.98e-09 -10.6592 -39550.8 0.000122677 -4.82252e-13 0 
3e-09 -4.07431 -14712.7 0.000111768 -1.51799e-13 0 
3.02e-09 2.23094 7873.58 9.84583e-05 6.5576e-14 0 
3.04e-09 8.00639 27728.2 8.12796e-05 1.72859e-13 0 
3.06e-09 12.9189 44075.8 6.08981e-05 1.78159e-13 0 
3.08e-09 16.6813 56277 3.88887e-05 9.91395e-14 0 
3.1e-09 19.1174 64011.8 7.361e-05 0 -3.47455e-14 
3.12e-09 22.8736 76291.6 6.37113e-05 0 -2.04392e-13 
3.14e-09 27.0708 90264.6 5.80716e-05 0 -4.09141e-13 
3.16e-09 30.7743 102955 5.33242e-05 0 -6.32347e-13 
3.18e-09 34.0071 114563 4.93098e-05 0 -8.64397e-13 
3.2e-09 36.7877 125254 4.58956e-05 0 -1.09896e-12 
3.22e-09 39.1313 135164 4.29705e-05 0 -1.33191e-12 
3.24e-09 41.0498 144402 4.04423e-05 0 -1.56061e-12 
3.26e-09 42.5526 153059 3.82341e-05 0 -1.78337e-12 
3.28e-09 43.6473 161206 3.6282e-05 0 -1.9991e-12 
3.3e-09 44.3402 168902 3.45332e-05 0 -2.20711e-12 
3.32e-09 44.6368 176193 3.29441e-05 0 -2.40691e-12 
3.34e-09 44.5425 183114 3.14787e-05 0 -2.59812e-12 
3.36e-09 44.0631 189695 3.01077e-05 0 -2.78042e-12 
3.38e-09 43.2049 195957 2.88071e-05 0 -2.95347e-12 
3.4e-09 41.9756 201917 2.75575e-05 0 -3.11692e-12 
3.42e-09 40.384 207586 2.63435e-05 0 -3.2704e-12 
3.44e-09 38.441 212973 2.51526e-05 0 -3.41351e-12 
3.46e-09 36.1589 218083 2.39755e-05 0 -3.54582e-12 
3.48e-09 33.5525 222921 2.28047e-05 0 -3.66689e-12 
3.5e-09 30.6383 227488 2.16347e-05 0 -3.77628e-12 
3.52e-09 27.4351 231786 2.04618e-05 0 -3.87353e-12 
3.54e-09 23.9636 235813 1.9283e-05 0 -3.95824e-12 
3.56e-09 20.2467 239570 1.80968e-05 0 -4.02999e-12 
3.58e-09 16.309 243055 1.69022e-05 0 -4.08844e-12 
3.6e-09 12.1769 246268 1.56988e-05 0 -4.13328e-12 
3.62e-09 7.87826 249206 1.44865e-05 0 -4.16425e-12 
3.64e-09 3.44242 251868 1.32655e-05 0 -4.18117e-12 
3.66e-09 -1.1003 254254 1.20357e-05 0 -4.18393e-12 
3.68e-09 -5.71867 256361 1.07971e-05 0 -4.17247e-12 
3.7e-09 -10.3808 258189 9.54904e-06 0 -4.14684e-12 
3.72e-09 -15.0545 259735 8.29042e-06 0 -4.10714e-12 
3.74e-09 -19.7072 260999 7.01918e-06 0 -4.05357e-12 
3.76e-09 -24.3066 261978 5.7322e-06 0 -3.98638e-12 
3.78e-09 -28.8204 262669 4.42494e-06 0 -3.90592e-12 
3.8e-09 -33.2167 263068 3.09116e-06 0 -3.81261e-12 
3.82e-09 -37.4643 263170 1.72251e-06 0 -3.70692e-12 
3.84e-09 -41.5323 262968 3.08066e-07 0 -3.58939e-12 
3.86e-09 -45.3904 262453 -1.16613e-06 0 -3.46062e-12 
3.88e-09 -49.0089 261611 -2.71776e-06 0 -3.32126e-12 
3.9e-09 -52.3585 260427 -4.36889e-06 0 -3.17202e-12 
3.92e-09 -55.4102 258880 -6.14686e-06 0 -3.01363e-12 
3.94e-09 -58.1349 256940 -8.08534e-06 0 -2.84689e-12 
3.96e-09 -60.5033 254575 -1.02255e-05 0 -2.67263e-12 
3.98e-09 -62.4855 251740 -1.26173e-05 0 -2.49173e-12 
4e-09 -64.0501 248381 -1.53218e-05 0 -2.30513e-12 
4.02e-09 -65.1645 244428 -1.84122e-05 0 -2.11383e-12 
4.04e-09 -65.7933 239799 -2.19774e-05 0 -1.91891e-12 
4.06e-09 -65.8984 234388 -2.61241e-05 0 -1.72156e-12 
4.08e-09 -65.4377 228069 -3.09806e-05 0 -1.52311e-12 
4.1e-09 -64.3648 220686 -3.6701e-05 0 -1.32506e-12 
4.12e-09 -62.6279 212049 -4.347e-05 0 -1.12917e-12 
4.14e-09 -60.169 201929 -5.15092e-05 0 -9.37473e-13 
4.16e-09 -56.9236 190047 -6.10835e-05 0 -7.52406e-13 
4.18e-09 -52.8195 176066 -7.25103e-05 0 -5.76888e-13 
4.2e-09 -47.7771 159580 -8.6169e-05 0 -4.14458e-13 
4.22e-09 -41.7087 140098 -0.000102514 0 -2.69421e-13 
4.24e-09 -34.5192 117032 -0.000122087 0 -1.47035e-13 
4.26e-09 -26.1071 89671.7 -0.000145537 0 -5.37219e-14 
4.28e-09 -16.3656 57167 -0.000224997 3.199e-15 0 
4.3e-09 -3.73865 13334.1 -0.000223644 1.01032e-14 0 
4.32e-09 8.7043 -31827.8 -0.000220632 -4.92786e-14 0 
4.34e-09 20.2624 -76290.8 -0.000215776 -1.85024e-13 0 
4.36e-09 30.729 -119684 -0.000209356 -4.04565e-13 0 
4.38e-09 39.9359 -161694 -0.00020183 -7.12192e-13 0 
4.4e-09 47.7621 -202100 -0.000193369 -1.10929e-12 0 
4.42e-09 54.1186 -240717 -0.00018392 -1.59436e-12 0 
4.44e-09 58.9387 -277350 -0.000173464 -2.16282e-12 0 
4.46e-09 62.1808 -311798 -0.000162008 -2.80708e-12 0 
4.48e-09 63.8312 -343864 -0.000149583 -3.5167e-12 0 
4.5e-09 63.9052 -373359 -0.000136241 -4.27864e-12 0 
4.52e-09 62.4481 -400101 -0.000122053 -5.07754e-12 0 
4.54e-09 59.535 -423926 -0.000107107 -5.89622e-12 0 
4.56e-09 55.2692 -444686 -9.15024e-05 -6.71608e-12 0 
4.58e-09 49.7811 -462255 -7.5353e-05 -7.5177e-12 0 
4.6e-09 43.225 -476530 -5.8781e-05 -8.28138e-12 0 
4.62e-09 35.7762 -487431 -4.1917e-05 -8.98772e-12 0 
4.64e-09 27.6271 -494907 -2.4898e-05 -9.61827e-12 0 
4.66e-09 18.9831 -498933 -7.8658e-06 -1.01561e-11 0 
4.68e-09 10.0577 -499513 9.03489e-06 -1.05861e-11 0 
4.7e-09 1.0679 -496682 2.56576e-05 -1.08961e-11 0 
4.72e-09 -7.77079 -490501 4.18558e-05 -1.10765e-11 0 
4.74e-09 -16.2495 -481064 5.74842e-05 -1.11211e-11 0 
4.76e-09 -24.1705 -468492 7.24e-05 -1.10274e-11 0 
4.78e-09 -31.3524 -452935 8.64643e-05 -1.07965e-11 0 
4.8e-09 -37.6337 -434571 9.95433e-05 -1.04331e-11 0 
4.82e-09 -42.8773 -413605 0.00011151 -9.94558e-12 0 
4.84e-09 -46.973 -390265 0.000122243 -9.34591e-12 0 
4.86e-09 -49.8411 -364807 0.000131632 -8.64909e-12 0 
4.88e-09 -51.4334 -337505 0.000139574 -7.87288e-12 0 
4.9e-09 -51.735 -308656 0.000145978 -7.03725e-12 0 
4.92e-09 -50.7647 -278572 0.000150761 -6.16386e-12 0 
4.94e-09 -48.5745 -247584 0.000153857 -5.27534e-12 0 
4.96e-09 -45.2482 -216033 0.000155208 -4.39461e-12 0 
4.98e-09 -40.9 -184274 0.000154771 -3.54415e-12 0 
5e-09 -35.6714 -152667 0.000152517 -2.74524e-12 0 
5.02e-09 -29.7281 -121578 0.000148431 -2.01722e-12 0 
5.04e-09 -23.2555 -91377 0.000142512 -1.3768e-12 0 
5.06e-09 -16.4549 -62431.5 0.000134773 -8.37354e-13 0 
5.08e-09 -9.53782 -35106.1 0.000124896 -4.08389e-13 0 
5.1e-09 -2.74062 -9829.16 0.000111617 -9.56903e-14 0 
5.12e-09 3.6238 12716.8 9.47792e-05 9.82559e-14 0 
5.14e-09 9.22988 31819.1 7.56839e-05 1.78636e-13 0 
5.16e-09 13.8332 47029.1 5.49139e-05 1.6021e-13 0 
5.18e-09 17.2396 58016.7 3.26056e-05 6.45731e-14 0 
5.2e-09 19.3585 64724.8 6.82118e-05 0 -7.47158e-14 
5.22e-09 23.9129 79722.5 6.18432e-05 0 -2.5553e-13 
5.24e-09 27.9572 93273.2 5.64955e-05 0 -4.64579e-13 
5.26e-09 31.5173 105607 5.19883e-05 0 -6.89046e-13 
5.28e-09 34.6143 116913 4.81709e-05 0 -9.20411e-13 
5.3e-09 37.2659 127346 4.49174e-05 0 -1.15308e-12 
5.32e-09 39.4859 137034 4.2123e-05 0 -1.3834e-12 
5.34e-09 41.2854 146080 3.97003e-05 0 -1.60906e-12 
5.36e-09 42.6731 154568 3.75767e-05 0 -1.82855e-12 
5.38e-09 43.6561 162566 3.5692e-05 0 -2.04092e-12 
5.4e-09 44.2403 170128 3.39962e-05 0 -2.24552e-12 
5.42e-09 44.4311 177297 3.24483e-05 0 -2.44191e-12 
5.44e-09 44.2339 184106 3.10143e-05 0 -2.62972e-12 
5.46e-09 43.6543 190581 2.96667e-05 0 -2.8086e-12 
5.48e-09 42.6992 196744 2.8383e-05 0 -2.97822e-12 
5.5e-09 41.3763 202607 2.71451e-05 0 -3.13821e-12 
5.52e-09 39.6951 208183 2.59385e-05 0 -3.2882e-12 
5.54e-09 37.6667 213479 2.47518e-05 0 -3.42776e-12 
5.56e-09 35.3043 218499 2.35761e-05 0 -3.55646e-12 
5.58e-09 32.6228 223247 2.24048e-05 0 -3.67385e-12 
5.6e-09 29.6395 227725 2.12327e-05 0 -3.77949e-12 
5.62e-09 26.3736 231933 2.00565e-05 0 -3.87292e-12 
5.64e-09 22.8466 235870 1.88737e-05 0 -3.95374e-12 
5.66e-09 19.0816 239536 1.76829e-05 0 -4.02155e-12 
5.68e-09 15.1039 242930 1.64832e-05 0 -4.07601e-12 
5.7e-09 10.9402 246049 1.52745e-05 0 -4.11683e-12 
5.72e-09 6.61881 248894 1.40566e-05 0 -4.14376e-12 
5.74e-09 2.16928 251461 1.28296e-05 0 -4.15666e-12 
5.76e-09 -2.3778 253751 1.15936e-05 0 -4.15541e-12 
5.78e-09 -6.99102 255761 1.03483e-05 0 -4.13999e-12 
5.8e-09 -11.6384 257491 9.09298e-06 0 -4.11046e-12 
5.82e-09 -16.2876 258937 7.82608e-06 0 -4.06695e-12 
5.84e-09 -20.9063 260100 6.54527e-06 0 -4.00967e-12 
5.86e-09 -25.462 260975 5.24697e-06 0 -3.93892e-12 
5.88e-09 -29.9227 261561 3.9261e-06 0 -3.85504e-12 
5.9e-09 -34.2566 261852 2.57573e-06 0 -3.75848e-12 
5.92e-09 -38.4326 261842 1.18668e-06 0 -3.64972e-12 
5.94e-09 -42.42 261524 -2.52942e-07 0 -3.52933e-12 
5.96e-09 -46.1886 260888 -1.7583e-06 0 -3.39791e-12 
5.98e-09 -49.7088 259918 -3.34849e-06 0 -3.25614e-12 
6e-09 -52.9515 258598 -5.04728e-06 0 -3.10473e-12 
6.02e-09 -55.8875 256904 -6.88405e-06 0 -2.94443e-12 
6.04e-09 -58.4876 254805 -8.89489e-06 0 -2.77604e-12 
6.06e-09 -60.7223 252265 -1.11238e-05 0 -2.60042e-12 
6.08e-09 -62.5612 249236 -1.36245e-05 0 -2.41846e-12 
6.1e-09 -63.9724 245658 -1.64616e-05 0 -2.23111e-12 
6.12e-09 -64.9223 241459 -1.97138e-05 0 -2.03941e-12 
6.14e-09 -65.3746 236547 -2.34754e-05 0 -1.84445e-12 
6.16e-09 -65.2897 230811 -2.78604e-05 0 -1.64748e-12 
6.18e-09 -64.6242 224114 -3.30052e-05 0 -1.44988e-12 
6.2e-09 -63.3295 216291 -3.90741e-05 0 -1.25322e-12 
6.22e-09 -61.3518 207137 -4.62635e-05 0 -1.05935e-12 
6.24e-09 -58.6306 196408 -5.48091e-05 0 -8.70423e-13 
6.26e-09 -55.0985 183806 -6.49929e-05 0 -6.89028e-13 
6.28e-09 -50.6806 168971 -7.71523e-05 0 -5.18278e-13 
6.3e-09 -45.294 151470 -9.1691e-05 0 -3.61949e-13 
6.32e-09 -38.8478 130780 -0.000109092 0 -2.24647e-13 
6.34e-09 -31.244 106274 -0.000129931 0 -1.11998e-13 
6.36e-09 -22.3781 77196.9 -0.000154899 0 -3.08778e-14 
6.38e-09 -12.1413 42641.8 -0.000222978 1.12461e-14 0 
6.4e-09 0.680631 -2443.48 -0.000221197 -2.41967e-15 0 
6.42e-09 12.776 -47079.8 -0.000217546 -8.51313e-14 0 
6.44e-09 23.923 -90889.1 -0.000212073 -2.46326e-13 0 
6.46e-09 33.9245 -133505 -0.000204856 -4.92319e-13 0 
6.48e-09 42.6124 -174579 -0.0001963 -8.26046e-13 0 
6.5e-09 49.8657 -213843 -0.000186828 -1.2473e-12 0 
6.52e-09 55.61 -251117 -0.000176484 -1.75311e-12 0 
6.54e-09 59.7976 -286227 -0.000165241 -2.33761e-12 0 
6.56e-09 62.4056 -318998 -0.000153101 -2.99205e-12 0 
6.58e-09 63.4382 -349252 -0.00014009 -3.70499e-12 0 
6.6e-09 62.9275 -376820 -0.000126259 -4.46256e-12 0 
6.62e-09 60.9343 -401541 -0.000111674 -5.24886e-12 0 
6.64e-09 57.5475 -423268 -9.6421e-05 -6.04633e-12 0 
6.66e-09 52.8832 -441873 -8.05991e-05 -6.83631e-12 0 
6.68e-09 47.0821 -457247 -6.43197e-05 -7.59953e-12 0 
6.7e-09 40.3072 -469305 -4.77039e-05 -8.31673e-12 0 
6.72e-09 32.7402 -477986 -3.0881e-05 -8.96922e-12 0 
6.74e-09 24.5777 -483253 -1.39868e-05 -9.53946e-12 0 
6.76e-09 16.027 -485101 2.8387e-06 -1.00116e-11 0 
6.78e-09 7.30125 -483549 1.94523e-05 -1.03722e-11 0 
6.8e-09 -1.38534 -478647 3.57095e-05 -1.06101e-11 0 
6.82e-09 -9.8223 -470474 5.14659e-05 -1.07178e-11 0 
6.84e-09 -17.8079 -459138 6.65788e-05 -1.06906e-11 0 
6.86e-09 -25.1538 -444775 8.0908e-05 -1.05278e-11 0 
6.88e-09 -31.6894 -427549 9.4318e-05 -1.02322e-11 0 
6.9e-09 -37.2662 -407651 0.000106678 -9.81022e-12 0 
6.92e-09 -41.761 -385299 0.000117866 -9.27195e-12 0 
6.94e-09 -45.0792 -360734 0.000127764 -8.63068e-12 0 
6.96e-09 -47.1568 -334221 0.000136265 -7.90267e-12 0 
6.98e-09 -47.9624 -306046 0.000143272 -7.10667e-12 0 
7e-09 -47.4978 -276514 0.000148699 -6.26341e-12 0 
7.02e-09 -45.7983 -245946 0.00015247 -5.39495e-12 0 
7.04e-09 -42.9319 -214679 0.000154521 -4.52402e-12 0 
7.06e-09 -38.9977 -183061 0.000154802 -3.67329e-12 0 
7.08e-09 -34.1238 -151450 0.000153277 -2.86464e-12 0 
7.1e-09 -28.4641 -120210 0.000149921 -2.1184e-12 0 
7.12e-09 -22.1951 -89711.1 0.000144727 -1.45263e-12 0 
7.14e-09 -15.5109 -60321.8 0.000137699 -8.82425e-13 0 
7.16e-09 -8.61911 -32410.1 0.000128655 -4.19266e-13 0 
7.18e-09 -1.74674 -6379.93 0.000116293 -7.09517e-14 0 
7.2e-09 4.79984 17102.7 0.000100267 1.57166e-13 0 
7.22e-09 10.6875 37303.8 8.18918e-05 2.6668e-13 0 
7.24e-09 15.66 53755.6 6.17734e-05 2.69155e-13 0 
7.26e-09 19.5097 66114 4.00397e-05 1.83303e-13 0 
7.28e-09 22.0555 74061.2 1.69244e-05 3.4338e-14 0 
7.3e-09 24.3888 81448.2 6.77369e-05 0 -1.43534e-13 
7.32e-09 28.891 96303.3 6.17003e-05 0 -3.59441e-13 
7.34e-09 32.8786 109786 5.66324e-05 0 -5.97231e-13 
7.36e-09 36.3754 122113 5.23615e-05 0 -8.45798e-13 
7.38e-09 39.4007 133465 4.87442e-05 0 -1.09785e-12 
7.4e-09 41.9702 143989 4.56607e-05 0 -1.34865e-12 
7.42e-09 44.0961 153804 4.30114e-05 0 -1.5952e-12 
7.44e-09 45.7881 163011 4.07132e-05 0 -1.83561e-12 
7.46e-09 47.0535 171686 3.8697e-05 0 -2.0687e-12 
7.48e-09 47.8983 179895 3.69058e-05 0 -2.29373e-12 
7.5e-09 48.3276 187688 3.52922e-05 0 -2.51023e-12 
7.52e-09 48.346 195105 3.3817e-05 0 -2.71784e-12 
7.54e-09 47.9585 202178 3.24485e-05 0 -2.91627e-12 
7.56e-09 47.1704 208932 3.11603e-05 0 -3.10521e-12 
7.58e-09 45.9883 215385 2.99312e-05 0 -3.28435e-12 
7.6e-09 44.42 221551 2.87442e-05 0 -3.45334e-12 
7.62e-09 42.4751 227440 2.75857e-05 0 -3.61178e-12 
7.64e-09 40.1649 233059 2.64449e-05 0 -3.75926e-12 
7.66e-09 37.5029 238411 2.53134e-05 0 -3.89531e-12 
7.68e-09 34.5047 243501 2.41851e-05 0 -4.01948e-12 
7.7e-09 31.188 248329 2.30551e-05 0 -4.13128e-12 
7.72e-09 27.5728 252895 2.19202e-05 0 -4.23025e-12 
7.74e-09 23.6812 257200 2.07781e-05 0 -4.31595e-12 
7.76e-09 19.5373 261241 1.96273e-05 0 -4.38796e-12 
7.78e-09 15.1671 265018 1.84668e-05 0 -4.4459e-12 
7.8e-09 10.5985 268529 1.72962e-05 0 -4.48946e-12 
7.82e-09 5.86073 271772 1.6115e-05 0 -4.51836e-12 
7.84e-09 0.984521 274746 1.49229e-05 0 -4.53241e-12 
7.86e-09 -3.99831 277449 1.37191e-05 0 -4.53148e-12 
7.88e-09 -9.05504 279878 1.25025e-05 0 -4.51551e-12 
7.9e-09 -14.1522 282032 1.12715e-05 0 -4.48453e-12 
7.92e-09 -19.2561 283908 1.00231e-05 0 -4.43864e-12 
7.94e-09 -24.3324 285503 8.7535e-06 0 -4.37801e-12 
7.96e-09 -29.3469 286812 7.45723e-06 0 -4.30289e-12 
7.98e-09 -34.2655 287831 6.1269e-06 0 -4.21361e-12 
8e-09 -39.0542 288552 4.75285e-06 0 -4.11057e-12 
8.02e-09 -43.6791 288966 3.32262e-06 0 -3.99422e-12 
8.04e-09 -48.1067 289063 1.82036e-06 0 -3.86509e-12 
8.06e-09 -52.3036 288825 2.26194e-07 0 -3.72375e-12 
8.08e-09 -56.2366 288234 -1.48463e-06 0 -3.57085e-12 
8.1e-09 -59.8721 287265 -3.34264e-06 0 -3.40707e-12 
8.12e-09 -63.1764 285885 -5.38531e-06 0 -3.23315e-12 
8.14e-09 -66.1149 284055 -7.65835e-06 0 -3.04988e-12 
8.16e-09 -68.652 281725 -1.02174e-05 0 -2.85811e-12 
8.18e-09 -70.7503 278831 -1.31297e-05 0 -2.65875e-12 
8.2e-09 -72.3701 275298 -1.64767e-05 0 -2.4528e-12 
8.22e-09 -73.469 271029 -2.03564e-05 0 -2.24134e-12 
8.24e-09 -74.0007 265909 -2.4887e-05 0 -2.0256e-12 
8.26e-09 -73.9143 259794 -3.02102e-05 0 -1.80694e-12 
8.28e-09 -73.1538 252512 -3.64963e-05 0 -1.58695e-12 
8.3e-09 -71.6567 243850 -4.39493e-05 0 -1.36747e-12 
8.32e-09 -69.3533 233553 -5.28138e-05 0 -1.15069e-12 
8.34e-09 -66.1662 221311 -6.33825e-05 0 -9.39225e-13 
8.36e-09 -62.0091 206751 -7.60058e-05 0 -7.36246e-13 
8.38e-09 -56.7866 189420 -9.11026e-05 0 -5.456e-13 
8.4e-09 -50.3939 168777 -0.000109174 0 -3.71991e-13 
8.42e-09 -42.7169 144169 -0.00013082 0 -2.21174e-13 
8.44e-09 -33.6333 114810 -0.000156755 0 -1.00203e-13 
8.46e-09 -23.0139 79759.2 -0.000187829 0 -1.76507e-14 
8.48e-09 -10.0463 35486.9 -0.000259016 1.61309e-14 0 
8.5e-09 4.66368 -16858.4 -0.000257486 -2.03434e-14 0 
8.52e-09 18.5167 -68789.3 -0.00025396 -1.40922e-13 0 
8.54e-09 31.2653 -119904 -0.00024849 -3.56374e-13 0 
8.56e-09 42.6886 -169811 -0.000241143 -6.73947e-13 0 
8.58e-09 52.5965 -218135 -0.000232269 -1.09709e-12 0 
8.6e-09 60.8463 -264570 -0.000222303 -1.62566e-12 0 
8.62e-09 67.3455 -308901 -0.000211353 -2.25626e-12 0 
8.64e-09 72.0347 -350932 -0.000199389 -2.98228e-12 0 
8.66e-09 74.8825 -390464 -0.000186412 -3.79379e-12 0 
8.68e-09 75.8878 -427297 -0.000172448 -4.67776e-12 0 
8.7e-09 75.0811 -461237 -0.000157547 -5.61839e-12 0 
8.72e-09 72.5252 -492102 -0.000141779 -6.59746e-12 0 
8.74e-09 68.3146 -519722 -0.000125229 -7.59482e-12 0 
8.76e-09 62.5742 -543946 -0.000108 -8.58895e-12 0 
8.78e-09 55.4573 -564645 -9.0204e-05 -9.55753e-12 0 
8.8e-09 47.1428 -581710 -7.19662e-05 -1.04781e-11 0 
8.82e-09 37.8312 -595060 -5.34193e-05 -1.13286e-11 0 
8.84e-09 27.7412 -604640 -3.47028e-05 -1.20883e-11 0 
8.86e-09 17.1043 -610423 -1.5961e-05 -1.2738e-11 0 
8.88e-09 6.16049 -612412 2.65816e-06 -1.3261e-11 0 
8.9e-09 -4.84714 -610640 2.10053e-05 -1.36433e-11 0 
8.92e-09 -15.6778 -605168 3.89306e-05 -1.38743e-11 0 
8.94e-09 -26.0979 -596090 5.62856e-05 -1.3947e-11 0 
8.96e-09 -35.8868 -583528 7.29242e-05 -1.38585e-11 0 
8.98e-09 -44.8408 -567633 8.87044e-05 -1.36097e-11 0 
9e-09 -52.7785 -548585 0.000103489 -1.32058e-11 0 
9.02e-09 -59.544 -526592 0.000117148 -1.26559e-11 0 
9.04e-09 -65.0111 -501887 0.000129558 -1.19728e-11 0 
9.06e-09 -69.0852 -474727 0.000140604 -1.11729e-11 0 
9.08e-09 -71.7061 -445393 0.000150182 -1.02756e-11 0 
9.1e-09 -72.8489 -414185 0.000158196 -9.30292e-12 0 
9.12e-09 -72.5243 -381423 0.000164562 -8.27849e-12 0 
9.14e-09 -70.7787 -347442 0.000169211 -7.22735e-12 0 
9.16e-09 -67.6925 -312591 0.000172082 -6.17493e-12 0 
9.18e-09 -63.3786 -277231 0.000173131 -5.14634e-12 0 
9.2e-09 -57.9792 -241731 0.000172325 -4.1656e-12 0 
9.22e-09 -51.6625 -206465 0.000169647 -3.25487e-12 0 
9.24e-09 -44.6188 -171811 0.000165095 -2.43367e-12 0 
9.26e-09 -37.0555 -138145 0.000157833 -1.71823e-12 0 
9.28e-09 -29.2394 -106013 0.000146677 -1.12265e-12 0 
9.3e-09 -21.5174 -76197.4 0.000132409 -6.57371e-13 0 
9.32e-09 -14.2023 -49321.3 0.000116215 -3.23435e-13 0 
9.34e-09 -7.53657 -25767.6 9.82061e-05 -1.13104e-13 0 
9.36e-09 -1.74496 -5895.96 7.85011e-05 -1.25638e-14 0 
9.38e-09 2.97138 9958.75 6.6536e-05 0 -1.73813e-15 
9.4e-09 6.89054 22991.1 5.81387e-05 0 -5.38698e-14 
9.42e-09 10.7523 35845.4 5.20746e-05 0 -1.51797e-13 
9.44e-09 14.1569 47325.1 4.68928e-05 0 -2.781e-13 
9.46e-09 17.1299 57629.1 4.2424e-05 0 -4.21098e-13 
9.48e-09 19.6924 66918.3 3.85246e-05 0 -5.72766e-13 
9.5e-09 21.8619 75321.3 3.5072e-05 0 -7.27576e-13 
9.52e-09 23.6524 82939.2 3.19611e-05 0 -8.81683e-13 
9.54e-09 25.0752 89849.7 2.91004e-05 0 -1.03236e-12 
9.56e-09 26.1396 96109.8 2.64097e-05 0 -1.17761e-12 
9.58e-09 26.8537 101759 2.3817e-05 0 -1.31587e-12 
9.6e-09 27.2246 106820 2.1256e-05 0 -1.44585e-12 
9.62e-09 27.2595 111301 1.86647e-05 0 -1.56635e-12 
9.64e-09 26.9661 115197 1.59823e-05 0 -1.67623e-12 
9.66e-09 26.3537 118489 1.31483e-05 0 -1.77428e-12 
9.68e-09 25.4334 121145 1.00993e-05 0 -1.85919e-12 
9.7e-09 24.219 123117 6.76776e-06 0 -1.92953e-12 
9.72e-09 22.7279 124346 3.07943e-06 0 -1.98371e-12 
9.74e-09 20.9817 124754 -1.04926e-06 0 -2.01993e-12 
9.76e-09 19.0076 124244 -5.71387e-06 0 -2.03617e-12 
9.78e-09 16.8389 122700 -1.10251e-05 0 -2.03017e-12 
9.8e-09 14.5167 119980 -1.71126e-05 0 -1.99939e-12 
9.82e-09 12.0916 115915 -2.41291e-05 0 -1.94097e-12 
9.84e-09 9.62488 110302 -3.22554e-05 0 -1.8517e-12 
9.86e-09 7.19158 102897 -4.17065e-05 0 -1.72798e-12 
9.88e-09 4.88268 93411 -5.27385e-05 0 -1.56578e-12 
9.9e-09 2.80862 81497 -6.56568e-05 0 -1.36059e-12 
9.92e-09 1.10329 66741.9 -8.08259e-05 0 -1.10737e-12 
9.94e-09 -0.0710778 48652.4 -9.86816e-05 0 -8.00484e-13 
9.96e-09 -0.518066 26639.5 -0.000119744 0 -4.33673e-13 
9.98e-09 0 0 0 0 0 

