0 0 5.30338e-23 -17289 
2.92969e-11 0 5.27569e-23 -163710 
5.85937e-11 0 5.2053e-23 -300220 
8.78906e-11 0 5.0953e-23 -425762 
1.17187e-10 0 4.94907e-23 -539440 
1.46484e-10 0 4.77022e-23 -640533 
1.75781e-10 0 4.56258e-23 -728495 
2.05078e-10 0 4.33011e-23 -802958 
2.34375e-10 0 4.07686e-23 -863732 
2.63672e-10 0 3.80692e-23 -910803 
2.92969e-10 0 3.52437e-23 -944327 
3.22266e-10 0 3.23322e-23 -964626 
3.51562e-10 0 2.93737e-23 -972180 
3.80859e-10 0 2.64058e-23 -967615 
4.10156e-10 0 2.34639e-23 -951695 
4.39453e-10 0 2.05811e-23 -925307 
4.6875e-10 0 1.77877e-23 -889446 
4.98047e-10 0 1.51111e-23 -845203 
5.27344e-10 0 1.25753e-23 -793747 
5.56641e-10 0 1.02007e-23 -736309 
5.85937e-10 0 8.00416e-24 -674163 
6.15234e-10 0 5.99867e-24 -608611 
6.44531e-10 0 4.19343e-24 -540962 
6.73828e-10 0 2.59369e-24 -472519 
7.03125e-10 0 1.20089e-24 -404557 
7.32422e-10 0 1.27519e-26 -338308 
7.61719e-10 0 -9.76643e-25 -274946 
7.91016e-10 0 -1.77656e-24 -215570 
8.20312e-10 0 -2.39941e-24 -161191 
8.49609e-10 0 -2.86056e-24 -112718 
8.78906e-10 0 -3.17801e-24 -70947.9 
9.08203e-10 0 -3.37198e-24 -36553.7 
9.375e-10 0 -3.46453e-24 -10077.2 
9.66797e-10 0 -3.47925e-24 8078.15 
9.96094e-10 0 -3.09063e-24 17652.1 
1.02539e-09 0 -2.99666e-24 20677.4 
1.05469e-09 0 -2.93032e-24 21039.3 
1.08398e-09 0 -2.9327e-24 21034.2 
1.11328e-09 0 -2.92219e-24 21098.4 
1.14258e-09 0 -2.9141e-24 21149.8 
1.17187e-09 0 -2.9056e-24 21203.8 
1.20117e-09 0 -2.89725e-24 21257.5 
1.23047e-09 0 -2.88892e-24 21311.5 
1.25977e-09 0 -2.88058e-24 21365.6 
1.28906e-09 0 -2.87224e-24 21420 
1.31836e-09 0 -2.86392e-24 21474.5 
1.34766e-09 0 -2.85563e-24 21529.2 
1.37695e-09 0 -2.84739e-24 21584.1 
1.40625e-09 0 -2.83919e-24 21639.2 
1.43555e-09 0 -2.831e-24 21694.5 
1.46484e-09 0 -2.82279e-24 21749.9 
1.49414e-09 0 -2.8146e-24 21805.6 
1.52344e-09 0 -2.80648e-24 21861.4 
1.55273e-09 0 -2.79839e-24 21917.4 
1.58203e-09 0 -2.7903e-24 21973.6 
1.61133e-09 0 -2.78226e-24 22030 
1.64062e-09 0 -2.77425e-24 22086.6 
1.66992e-09 0 -2.76624e-24 22143.4 
1.69922e-09 0 -2.75825e-24 22200.4 
1.72852e-09 0 -2.75031e-24 22257.5 
1.75781e-09 0 -2.7424e-24 22314.9 
1.78711e-09 0 -2.73452e-24 22372.4 
1.81641e-09 0 -2.72666e-24 22430.1 
1.8457e-09 0 -2.71882e-24 22488.1 
1.875e-09 0 -2.71098e-24 22546.2 
1.9043e-09 0 -2.70315e-24 22604.5 
1.93359e-09 0 -2.69534e-24 22663 
1.96289e-09 0 -2.68758e-24 22721.7 
1.99219e-09 0 -2.67985e-24 22780.6 
2.02148e-09 0 -2.67211e-24 22839.7 
2.05078e-09 0 -2.66443e-24 22899 
2.08008e-09 0 -2.65675e-24 22958.5 
2.10937e-09 0 -2.64907e-24 23018.2 
2.13867e-09 0 -2.64144e-24 23078.1 
2.16797e-09 0 -2.63383e-24 23138.1 
2.19727e-09 0 -2.62625e-24 23198.4 
2.22656e-09 0 -2.61867e-24 23258.9 
2.25586e-09 0 -2.61109e-24 23319.6 
2.28516e-09 0 -2.60356e-24 23380.5 
2.31445e-09 0 -2.59608e-24 23441.5 
2.34375e-09 0 -2.58863e-24 23502.8 
2.37305e-09 0 -2.58117e-24 23564.3 
2.40234e-09 0 -2.57372e-24 23626 
2.43164e-09 0 -2.56634e-24 23687.9 
2.46094e-09 0 -2.55899e-24 23750 
2.49023e-09 0 -2.55161e-24 23812.3 
2.51953e-09 0 -2.54426e-24 23874.8 
2.54883e-09 0 -2.53691e-24 23937.5 
2.57812e-09 0 -2.52958e-24 24000.4 
2.60742e-09 0 -2.52228e-24 24063.5 
2.63672e-09 0 -2.51503e-24 24126.9 
2.66602e-09 0 -2.50781e-24 24190.4 
2.69531e-09 0 -2.50061e-24 24254.1 
2.72461e-09 0 -2.49344e-24 24318.1 
2.75391e-09 0 -2.48626e-24 24382.2 
2.7832e-09 0 -2.47911e-24 24446.6 
2.8125e-09 0 -2.47199e-24 24511.2 
2.8418e-09 0 -2.46492e-24 24576 
2.87109e-09 0 -2.45787e-24 24641 
2.90039e-09 0 -2.45083e-24 24706.2 
2.92969e-09 0 -2.44381e-24 24771.6 
2.95898e-09 0 -2.43679e-24 24837.3 
2.98828e-09 0 -2.42977e-24 24903.1 
3.01758e-09 0 -2.42279e-24 24969.2 
3.04687e-09 0 -2.41585e-24 25035.5 
3.07617e-09 0 -2.40891e-24 25102 
3.10547e-09 0 -2.40199e-24 25168.7 
3.13477e-09 0 -2.39512e-24 25235.6 
3.16406e-09 0 -2.38825e-24 25302.8 
3.19336e-09 0 -2.38136e-24 25370.1 
3.22266e-09 0 -2.37452e-24 25437.7 
3.25195e-09 0 -2.36773e-24 25505.5 
3.28125e-09 0 -2.36096e-24 25573.6 
3.31055e-09 0 -2.35419e-24 25641.8 
3.33984e-09 0 -2.34743e-24 25710.3 
3.36914e-09 0 -2.34069e-24 25778.9 
3.39844e-09 0 -2.33395e-24 25847.8 
3.42773e-09 0 -2.32726e-24 25917 
3.45703e-09 0 -2.3206e-24 25986.3 
3.48633e-09 0 -2.31391e-24 26055.9 
3.51562e-09 0 -2.30724e-24 26125.7 
3.54492e-09 0 -2.30063e-24 26195.7 
3.57422e-09 0 -2.29404e-24 26266 
3.60352e-09 0 -2.28746e-24 26336.4 
3.63281e-09 0 -2.28089e-24 26407.1 
3.66211e-09 0 -2.27438e-24 26478.1 
3.69141e-09 0 -2.2679e-24 26549.2 
3.7207e-09 0 -2.26139e-24 26620.6 
3.75e-09 0 -2.25488e-24 26692.2 
3.7793e-09 0 -2.24842e-24 26764.1 
3.80859e-09 0 -2.24198e-24 26836.1 
3.83789e-09 0 -2.23557e-24 26908.4 
3.86719e-09 0 -2.22919e-24 26981 
3.89648e-09 0 -2.22281e-24 27053.7 
3.92578e-09 0 -2.21642e-24 27126.7 
3.95508e-09 0 -2.21007e-24 27200 
3.98437e-09 0 -2.20374e-24 27273.4 
4.01367e-09 0 -2.1974e-24 27347.1 
4.04297e-09 0 -2.1911e-24 27421.1 
4.07227e-09 0 -2.18483e-24 27495.3 
4.10156e-09 0 -2.17859e-24 27569.7 
4.13086e-09 0 -2.17237e-24 27644.3 
4.16016e-09 0 -2.16617e-24 27719.2 
4.18945e-09 0 -2.15996e-24 27794.3 
4.21875e-09 0 -2.15377e-24 27869.7 
4.24805e-09 0 -2.14762e-24 27945.3 
4.27734e-09 0 -2.1415e-24 28021.1 
4.30664e-09 0 -2.1354e-24 28097.2 
4.33594e-09 0 -2.12931e-24 28173.5 
4.36523e-09 0 -2.12323e-24 28250.1 
4.39453e-09 0 -2.11717e-24 28326.9 
4.42383e-09 0 -2.11113e-24 28404 
4.45312e-09 0 -2.10512e-24 28481.3 
4.48242e-09 0 -2.09911e-24 28558.8 
4.51172e-09 0 -2.09311e-24 28636.6 
4.54102e-09 0 -2.08713e-24 28714.6 
4.57031e-09 0 -2.08118e-24 28792.9 
4.59961e-09 0 -2.07526e-24 28871.4 
4.62891e-09 0 -2.06936e-24 28950.2 
4.6582e-09 0 -2.06348e-24 29029.2 
4.6875e-09 0 -2.0576e-24 29108.5 
4.7168e-09 0 -2.05176e-24 29188 
4.74609e-09 0 -2.04591e-24 29267.8 
4.77539e-09 0 -2.04009e-24 29347.9 
4.80469e-09 0 -2.0343e-24 29428.1 
4.83398e-09 0 -2.02851e-24 29508.7 
4.86328e-09 0 -2.02274e-24 29589.5 
4.89258e-09 0 -2.01699e-24 29670.5 
4.92187e-09 0 -2.01125e-24 29751.8 
4.95117e-09 0 -2.00554e-24 29833.3 
4.98047e-09 0 -1.99983e-24 29915.2 
5.00977e-09 0 -1.99414e-24 29997.2 
5.03906e-09 0 -1.98847e-24 30079.6 
5.06836e-09 0 -1.98282e-24 30162.1 
5.09766e-09 0 -1.97715e-24 30245 
5.12695e-09 0 -1.97151e-24 30328.1 
5.15625e-09 0 -1.9659e-24 30411.4 
5.18555e-09 0 -1.96033e-24 30495.1 
5.21484e-09 0 -1.95476e-24 30579 
5.24414e-09 0 -1.94921e-24 30663.1 
5.27344e-09 0 -1.94368e-24 30747.5 
5.30273e-09 0 -1.93816e-24 30832.2 
5.33203e-09 0 -1.93264e-24 30917.2 
5.36133e-09 0 -1.92717e-24 31002.4 
5.39062e-09 0 -1.92172e-24 31087.8 
5.41992e-09 0 -1.91628e-24 31173.6 
5.44922e-09 0 -1.91084e-24 31259.6 
5.47852e-09 0 -1.90541e-24 31345.9 
5.50781e-09 0 -1.89998e-24 31432.4 
5.53711e-09 0 -1.8946e-24 31519.2 
5.56641e-09 0 -1.88923e-24 31606.3 
5.5957e-09 0 -1.88385e-24 31693.7 
5.625e-09 0 -1.87851e-24 31781.3 
5.6543e-09 0 -1.87317e-24 31869.3 
5.68359e-09 0 -1.86786e-24 31957.4 
5.71289e-09 0 -1.86258e-24 32045.9 
5.74219e-09 0 -1.85731e-24 32134.6 
5.77148e-09 0 -1.85205e-24 32223.6 
5.80078e-09 0 -1.8468e-24 32312.9 
5.83008e-09 0 -1.84157e-24 32402.5 
5.85937e-09 0 -1.83635e-24 32492.3 
5.88867e-09 0 -1.83113e-24 32582.5 
5.91797e-09 0 -1.82595e-24 32672.9 
5.94727e-09 0 -1.82079e-24 32763.6 
5.97656e-09 0 -1.81564e-24 32854.5 
6.00586e-09 0 -1.8105e-24 32945.8 
6.03516e-09 0 -1.80538e-24 33037.3 
6.06445e-09 0 -1.80029e-24 33129.1 
6.09375e-09 0 -1.79523e-24 33221.2 
6.12305e-09 0 -1.79018e-24 33313.6 
6.15234e-09 0 -1.78512e-24 33406.3 
6.18164e-09 0 -1.78009e-24 33499.3 
6.21094e-09 0 -1.77506e-24 33592.5 
6.24023e-09 0 -1.77003e-24 33686.1 
6.26953e-09 0 -1.76503e-24 33779.9 
6.29883e-09 0 -1.76006e-24 33874 
6.32812e-09 0 -1.7551e-24 33968.4 
6.35742e-09 0 -1.75015e-24 34063.1 
6.38672e-09 0 -1.74521e-24 34158.1 
6.41602e-09 0 -1.7403e-24 34253.4 
6.44531e-09 0 -1.73542e-24 34349 
6.47461e-09 0 -1.73051e-24 34444.8 
6.50391e-09 0 -1.72579e-24 34541.2 
6.5332e-09 0 -1.72003e-24 34636.7 
6.5625e-09 0 -1.72e-24 34738.3 
6.5918e-09 0 -1.68964e-24 34809.8 
6.62109e-09 0 -1.82061e-24 35043.1 
6.65039e-09 0 -1.09082e-24 34418.2 
6.67969e-09 0 -8.64052e-25 32430.3 
6.70898e-09 0 -7.65528e-25 30038.6 
6.73828e-09 0 -6.74418e-25 27482 
6.76758e-09 0 -5.91162e-25 24823 
6.79687e-09 0 -5.1605e-25 22123.7 
6.82617e-09 0 -4.49168e-25 19444.9 
6.85547e-09 0 -3.90396e-25 16845.7 
6.88477e-09 0 -3.39465e-25 14382.3 
6.91406e-09 0 -2.95941e-25 12107.1 
6.94336e-09 0 -2.59256e-25 10068.7 
6.97266e-09 0 -2.28698e-25 8310.4 
7.00195e-09 0 -2.03407e-25 6870.04 
7.03125e-09 0 -1.82445e-25 5779.44 
7.06055e-09 0 -1.64781e-25 5063.92 
7.08984e-09 0 -1.76265e-25 4741.95 
7.11914e-09 0 -1.55059e-25 4676.33 
7.14844e-09 0 -1.56374e-25 4680.26 
7.17773e-09 0 -1.55605e-25 4695.32 
7.20703e-09 0 -1.55231e-25 4708.33 
7.23633e-09 0 -1.54779e-25 4721.78 
7.26562e-09 0 -1.54362e-25 4735.2 
7.29492e-09 0 -1.53944e-25 4748.67 
7.32422e-09 0 -1.53517e-25 4762.18 
7.35352e-09 0 -1.53101e-25 4775.73 
7.38281e-09 0 -1.52699e-25 4789.32 
7.41211e-09 0 -1.52296e-25 4802.95 
7.44141e-09 0 -1.51869e-25 4816.62 
7.4707e-09 0 -1.5144e-25 4830.33 
7.5e-09 0 -1.51013e-25 4844.08 
7.5293e-09 0 -1.50587e-25 4857.88 
7.55859e-09 0 -1.50171e-25 4871.72 
7.58789e-09 0 -1.49769e-25 4885.6 
7.61719e-09 0 -1.4938e-25 4899.52 
7.64648e-09 0 -1.48978e-25 4913.48 
7.67578e-09 0 -1.48563e-25 4927.49 
7.70508e-09 0 -1.48148e-25 4941.54 
7.73437e-09 0 -1.47733e-25 4955.63 
7.76367e-09 0 -1.47332e-25 4969.77 
7.79297e-09 0 -1.46943e-25 4983.94 
7.82227e-09 0 -1.46553e-25 4998.16 
7.85156e-09 0 -1.46164e-25 5012.43 
7.88086e-09 0 -1.45775e-25 5026.73 
7.91016e-09 0 -1.45398e-25 5041.08 
7.93945e-09 0 -1.45022e-25 5055.47 
7.96875e-09 0 -1.44633e-25 5069.91 
7.99805e-09 0 -1.44244e-25 5084.39 
8.02734e-09 0 -1.43868e-25 5098.92 
8.05664e-09 0 -1.43492e-25 5113.48 
8.08594e-09 0 -1.43102e-25 5128.1 
8.11523e-09 0 -1.42726e-25 5142.75 
8.14453e-09 0 -1.42364e-25 5157.45 
8.17383e-09 0 -1.41987e-25 5172.2 
8.20312e-09 0 -1.4161e-25 5186.99 
8.23242e-09 0 -1.41233e-25 5201.82 
8.26172e-09 0 -1.40845e-25 5216.7 
8.29102e-09 0 -1.40458e-25 5231.62 
8.32031e-09 0 -1.40082e-25 5246.59 
8.34961e-09 0 -1.39718e-25 5261.61 
8.37891e-09 0 -1.39355e-25 5276.66 
8.4082e-09 0 -1.38979e-25 5291.77 
8.4375e-09 0 -1.3859e-25 5306.91 
8.4668e-09 0 -1.38202e-25 5322.11 
8.49609e-09 0 -1.37822e-25 5337.34 
8.52539e-09 0 -1.37473e-25 5352.65 
8.55469e-09 0 -1.36962e-25 5367.85 
8.58398e-09 0 -1.37308e-25 5383.95 
8.61328e-09 0 -1.33096e-25 5395.54 
8.64258e-09 0 -1.53112e-25 5431.42 
8.67187e-09 0 -4.40815e-26 5338.43 
8.70117e-09 0 -1.11383e-26 5040.46 
8.73047e-09 0 3.64433e-27 4678.25 
8.75977e-09 0 1.72977e-26 4283.22 
8.78906e-09 0 2.97257e-26 3861.88 
8.81836e-09 0 4.087e-26 3420.92 
8.84766e-09 0 5.06878e-26 2967.05 
8.87695e-09 0 5.91396e-26 2506.98 
8.90625e-09 0 6.62008e-26 2047.3 
8.93555e-09 0 7.18996e-26 1594.41 
8.96484e-09 0 7.62645e-26 1154.43 
8.99414e-09 0 7.93206e-26 733.166 
9.02344e-09 0 8.11266e-26 336.006 
9.05273e-09 0 8.17772e-26 -32.1188 
9.08203e-09 0 8.13336e-26 -366.805 
9.11133e-09 0 7.98984e-26 -664.22 
9.14062e-09 0 7.76118e-26 -921.147 
9.16992e-09 0 7.45869e-26 -1135.02 
9.19922e-09 0 7.09424e-26 -1303.93 
9.22852e-09 0 6.68238e-26 -1426.68 
9.25781e-09 0 6.23656e-26 -1502.73 
9.28711e-09 0 5.56943e-26 -1534.06 
9.31641e-09 0 5.51203e-26 -1540.71 
9.3457e-09 0 5.50517e-26 -1544.65 
9.375e-09 0 5.48873e-26 -1549.11 
9.4043e-09 0 5.47429e-26 -1553.49 
9.43359e-09 0 5.45925e-26 -1557.89 
9.46289e-09 0 5.4434e-26 -1562.31 
9.49219e-09 0 5.42742e-26 -1566.75 
9.52148e-09 0 5.41274e-26 -1571.19 
9.55078e-09 0 5.39678e-26 -1575.65 
9.58008e-09 0 5.38086e-26 -1580.12 
9.60937e-09 0 5.36622e-26 -1584.61 
9.63867e-09 0 5.35151e-26 -1589.11 
9.66797e-09 0 5.33681e-26 -1593.63 
9.69727e-09 0 5.3222e-26 -1598.16 
9.72656e-09 0 5.3075e-26 -1602.7 
9.75586e-09 0 5.29277e-26 -1607.25 
9.78516e-09 0 5.27817e-26 -1611.82 
9.81445e-09 0 5.26345e-26 -1616.41 
9.84375e-09 0 5.24877e-26 -1621 
9.87305e-09 0 5.23538e-26 -1625.62 
9.90234e-09 0 5.22197e-26 -1630.24 
9.93164e-09 0 5.20857e-26 -1634.88 
9.96094e-09 0 5.19515e-26 -1639.53 
9.99023e-09 0 5.18175e-26 -1644.2 
1.00195e-08 0 5.16839e-26 -1648.88 
1.00488e-08 0 5.1537e-26 -1653.58 
1.00781e-08 0 5.13902e-26 -1658.29 
1.01074e-08 0 5.12437e-26 -1663.01 
1.01367e-08 0 5.10962e-26 -1667.75 
1.0166e-08 0 5.09623e-26 -1672.5 
1.01953e-08 0 5.08293e-26 -1677.26 
1.02246e-08 0 5.06829e-26 -1682.05 
1.02539e-08 0 5.05486e-26 -1686.84 
1.02832e-08 0 5.04149e-26 -1691.65 
1.03125e-08 0 5.0269e-26 -1696.48 
1.03418e-08 0 5.01351e-26 -1701.32 
1.03711e-08 0 5.00014e-26 -1706.17 
1.04004e-08 0 4.9867e-26 -1711.04 
1.04297e-08 0 4.9745e-26 -1715.93 
1.0459e-08 0 4.96246e-26 -1720.82 
1.04883e-08 0 4.94902e-26 -1725.74 
1.05176e-08 0 4.9343e-26 -1730.66 
1.05469e-08 0 4.92104e-26 -1735.6 
1.05762e-08 0 4.90772e-26 -1740.56 
1.06055e-08 0 4.89279e-26 -1745.53 
1.06348e-08 0 4.88062e-26 -1750.53 
1.06641e-08 0 4.8614e-26 -1755.47 
1.06934e-08 0 4.87836e-26 -1760.81 
1.07227e-08 0 4.69493e-26 -1764.15 
1.0752e-08 0 5.57749e-26 -1778.17 
1.07812e-08 0 1.09478e-26 -1740.06 
1.08105e-08 0 5.80692e-27 -1629.93 
1.08398e-08 0 1.00134e-27 -1507.44 
1.08691e-08 0 -3.41843e-27 -1374.81 
1.08984e-08 0 -7.42502e-27 -1234.3 
1.09277e-08 0 -1.09983e-26 -1088.19 
1.0957e-08 0 -1.41162e-26 -938.78 
1.09863e-08 0 -1.67799e-26 -788.357 
1.10156e-08 0 -1.89995e-26 -639.138 
1.10449e-08 0 -2.07804e-26 -493.266 
1.10742e-08 0 -2.21372e-26 -352.782 
1.11035e-08 0 -2.30795e-26 -219.598 
1.11328e-08 0 -2.36234e-26 -95.4786 
1.11621e-08 0 -2.38142e-26 17.9767 
1.11914e-08 0 -2.36684e-26 119.351 
1.12207e-08 0 -2.32129e-26 207.438 
1.125e-08 0 -2.25079e-26 281.253 
1.12793e-08 0 -2.15986e-26 340.038 
1.13086e-08 0 -2.05254e-26 383.291 
1.13379e-08 0 -1.93326e-26 410.763 
1.13672e-08 0 -1.69748e-26 422.44 
1.13965e-08 0 -1.6895e-26 424.87 
1.14258e-08 0 -1.68521e-26 426.011 
1.14551e-08 0 -1.67796e-26 427.224 
1.14844e-08 0 -1.67195e-26 428.427 
1.15137e-08 0 -1.66681e-26 429.633 
1.1543e-08 0 -1.66199e-26 430.841 
1.15723e-08 0 -1.65847e-26 432.057 
1.16016e-08 0 -1.656e-26 433.277 
1.16309e-08 0 -1.65239e-26 434.5 
1.16602e-08 0 -1.64753e-26 435.729 
1.16895e-08 0 -1.64387e-26 436.962 
1.17187e-08 0 -1.64148e-26 438.2 
1.1748e-08 0 -1.63906e-26 439.44 
1.17773e-08 0 -1.63552e-26 440.686 
1.18066e-08 0 -1.63186e-26 441.938 
1.18359e-08 0 -1.62803e-26 443.19 
1.18652e-08 0 -1.62318e-26 444.445 
1.18945e-08 0 -1.61953e-26 445.705 
1.19238e-08 0 -1.61584e-26 446.968 
1.19531e-08 0 -1.61092e-26 448.235 
1.19824e-08 0 -1.60725e-26 449.505 
1.20117e-08 0 -1.60487e-26 450.779 
1.2041e-08 0 -1.60123e-26 452.058 
1.20703e-08 0 -1.59755e-26 453.339 
1.20996e-08 0 -1.5939e-26 454.625 
1.21289e-08 0 -1.58902e-26 455.915 
1.21582e-08 0 -1.58405e-26 457.209 
1.21875e-08 0 -1.57783e-26 458.505 
1.22168e-08 0 -1.57172e-26 459.805 
1.22461e-08 0 -1.56684e-26 461.111 
1.22754e-08 0 -1.56189e-26 462.421 
1.23047e-08 0 -1.55831e-26 463.735 
1.2334e-08 0 -1.55583e-26 465.053 
1.23633e-08 0 -1.55215e-26 466.373 
1.23926e-08 0 -1.54741e-26 467.699 
1.24219e-08 0 -1.54354e-26 469.028 
1.24512e-08 0 -1.54e-26 470.36 
1.24805e-08 0 -1.53645e-26 471.699 
1.25098e-08 0 -1.53265e-26 473.041 
1.25391e-08 0 -1.52912e-26 474.387 
1.25684e-08 0 -1.52553e-26 475.739 
1.25977e-08 0 -1.52065e-26 477.097 
1.2627e-08 0 -1.51682e-26 478.456 
1.26562e-08 0 -1.51317e-26 479.817 
1.26855e-08 0 -1.50826e-26 481.182 
1.27148e-08 0 -1.5046e-26 482.551 
1.27441e-08 0 -1.50068e-26 483.919 
1.27734e-08 0 -1.49667e-26 485.32 
1.28027e-08 0 -1.47865e-26 486.583 
1.2832e-08 0 -1.53584e-26 488.604 
1.28613e-08 0 -1.19159e-26 486.624 
1.28906e-08 0 -6.31963e-27 471.699 
1.29199e-08 0 -4.92789e-27 447.074 
1.29492e-08 0 -3.60684e-27 419.363 
1.29785e-08 0 -2.36e-27 389.147 
1.30078e-08 0 -1.21369e-27 357.016 
1.30371e-08 0 -1.70558e-28 323.563 
1.30664e-08 0 7.70256e-28 289.386 
1.30957e-08 0 1.61444e-27 255.072 
1.3125e-08 0 2.35793e-27 221.187 
1.31543e-08 0 2.98608e-27 188.269 
1.31836e-08 0 3.52419e-27 156.823 
1.32129e-08 0 3.97537e-27 127.312 
1.32422e-08 0 4.3404e-27 100.154 
1.32715e-08 0 4.62227e-27 75.7286 
1.33008e-08 0 4.84393e-27 54.3556 
1.33301e-08 0 5.00136e-27 36.2915 
1.33594e-08 0 5.08567e-27 21.7374 
1.33887e-08 0 5.12812e-27 10.8434 
1.3418e-08 0 5.14271e-27 3.693 
1.34473e-08 0 4.93377e-27 0.284727 
1.34766e-08 0 4.95623e-27 -0.576233 
1.35059e-08 0 4.93095e-27 -0.638034 
1.35352e-08 0 4.92064e-27 -0.610727 
1.35645e-08 0 4.92024e-27 -0.604711 
1.35937e-08 0 4.90628e-27 -0.596153 
1.3623e-08 0 4.89373e-27 -0.585747 
1.36523e-08 0 4.8935e-27 -0.575106 
1.36816e-08 0 4.87861e-27 -0.560806 
1.37109e-08 0 4.85493e-27 -0.545476 
1.37402e-08 0 4.84441e-27 -0.535511 
1.37695e-08 0 4.83095e-27 -0.5274 
1.37988e-08 0 4.80324e-27 -0.51444 
1.38281e-08 0 4.79019e-27 -0.497234 
1.38574e-08 0 4.77972e-27 -0.482553 
1.38867e-08 0 4.75496e-27 -0.471734 
1.3916e-08 0 4.74181e-27 -0.460863 
1.39453e-08 0 4.72848e-27 -0.448183 
1.39746e-08 0 4.70351e-27 -0.434855 
1.40039e-08 0 4.69109e-27 -0.422223 
1.40332e-08 0 4.69119e-27 -0.410045 
1.40625e-08 0 4.67859e-27 -0.398046 
1.40918e-08 0 4.65317e-27 -0.385813 
1.41211e-08 0 4.64057e-27 -0.373348 
1.41504e-08 0 4.62797e-27 -0.360944 
1.41797e-08 0 4.61516e-27 -0.348296 
1.4209e-08 0 4.6026e-27 -0.335461 
1.42383e-08 0 4.59065e-27 -0.323699 
1.42676e-08 0 4.58978e-27 -0.311656 
1.42969e-08 0 4.57632e-27 -0.297113 
1.43262e-08 0 4.56488e-27 -0.283061 
1.43555e-08 0 4.55276e-27 -0.271471 
1.43848e-08 0 4.52648e-27 -0.259111 
1.44141e-08 0 4.5017e-27 -0.245912 
1.44434e-08 0 4.49011e-27 -0.234899 
1.44727e-08 0 4.47544e-27 -0.222399 
1.4502e-08 0 4.46336e-27 -0.207694 
1.45312e-08 0 4.45139e-27 -0.194734 
1.45605e-08 0 4.41333e-27 -0.182442 
1.45898e-08 0 4.3765e-27 -0.171389 
1.46191e-08 0 4.36194e-27 -0.159019 
1.46484e-08 0 4.36219e-27 -0.144178 
1.46777e-08 0 4.3642e-27 -0.132648 
1.4707e-08 0 4.36367e-27 -0.123284 
1.47363e-08 0 4.35034e-27 -0.112097 
1.47656e-08 0 4.32538e-27 -0.100287 
1.47949e-08 0 4.2987e-27 -0.0867922 
1.48242e-08 0 4.28693e-27 -0.07244 
1.48535e-08 0 4.28586e-27 -0.0577597 
1.48828e-08 0 4.28461e-27 -0.0396854 
1.49121e-08 0 4.27506e-27 -0.0242874 
1.49414e-08 0 4.25973e-27 -0.00941859 
1.49707e-08 0 0 0 
