0 0 0 0
1.46484e-11 8.39015e-11 8.39015e-11 8.98243e-11
2.92969e-11 4.18209e-10 4.18209e-10 7.9229e-10
4.39453e-11 1.16771e-09 1.16771e-09 2.62709e-09
5.85937e-11 2.49433e-09 2.49433e-09 6.10764e-09
7.32422e-11 4.55605e-09 4.55605e-09 1.1738e-08
8.78906e-11 7.50574e-09 7.50574e-09 2.00097e-08
1.02539e-10 1.14901e-08 1.14901e-08 3.1399e-08
1.17187e-10 1.66487e-08 1.66487e-08 4.63634e-08
1.31836e-10 2.31129e-08 2.31129e-08 6.53393e-08
1.46484e-10 3.10045e-08 3.10045e-08 8.87389e-08
1.61133e-10 4.04356e-08 4.04356e-08 1.16948e-07
1.75781e-10 5.15069e-08 5.15069e-08 1.50321e-07
1.9043e-10 6.43074e-08 6.43074e-08 1.89184e-07
2.05078e-10 7.89132e-08 7.89132e-08 2.33825e-07
2.19727e-10 9.53869e-08 9.53869e-08 2.84498e-07
2.34375e-10 1.13777e-07 1.13777e-07 3.41418e-07
2.49023e-10 1.34117e-07 1.34117e-07 4.0476e-07
2.63672e-10 1.56427e-07 1.56427e-07 4.74655e-07
2.7832e-10 1.80707e-07 1.80707e-07 5.51192e-07
2.92969e-10 2.06945e-07 2.06945e-07 6.34415e-07
3.07617e-10 2.3511e-07 2.3511e-07 7.24322e-07
3.22266e-10 2.65156e-07 2.65156e-07 8.20862e-07
3.36914e-10 2.97018e-07 2.97018e-07 9.23939e-07
3.51562e-10 3.30615e-07 3.30615e-07 1.03341e-06
3.66211e-10 3.65849e-07 3.65849e-07 1.14907e-06
3.80859e-10 4.02604e-07 4.02604e-07 1.27068e-06
3.95508e-10 4.40749e-07 4.40749e-07 1.39795e-06
4.10156e-10 4.80133e-07 4.80133e-07 1.53054e-06
4.24805e-10 5.20591e-07 5.20591e-07 1.66805e-06
4.39453e-10 5.61942e-07 5.61942e-07 1.81006e-06
4.54102e-10 6.03989e-07 6.03989e-07 1.95607e-06
4.6875e-10 6.46519e-07 6.46519e-07 2.10556e-06
4.83398e-10 6.89306e-07 6.89306e-07 2.25796e-06
4.98047e-10 7.3211e-07 7.3211e-07 2.41265e-06
5.12695e-10 7.74677e-07 7.74677e-07 2.56897e-06
5.27344e-10 8.16742e-07 8.16742e-07 2.72624e-06
5.41992e-10 8.5803e-07 8.5803e-07 2.88371e-06
5.56641e-10 8.98252e-07 8.98252e-07 3.04064e-06
5.71289e-10 9.37115e-07 9.37115e-07 3.19622e-06
5.85937e-10 9.74314e-07 9.74314e-07 3.34963e-06
6.00586e-10 1.00954e-06 1.00954e-06 3.50002e-06
6.15234e-10 1.04247e-06 1.04247e-06 3.64652e-06
6.29883e-10 1.0728e-06 1.0728e-06 3.78823e-06
6.44531e-10 1.1002e-06 1.1002e-06 3.92425e-06
6.5918e-10 1.12433e-06 1.12433e-06 4.05366e-06
6.73828e-10 1.14489e-06 1.14489e-06 4.17553e-06
6.88477e-10 1.16154e-06 1.16154e-06 4.28893e-06
7.03125e-10 1.17397e-06 1.17397e-06 4.39292e-06
7.17773e-10 1.18186e-06 1.18186e-06 4.48657e-06
7.32422e-10 1.1849e-06 1.1849e-06 4.56895e-06
7.4707e-10 1.18701e-06 1.18701e-06 4.63915e-06
7.61719e-10 1.19457e-06 1.19457e-06 4.69627e-06
7.76367e-10 1.20786e-06 1.20786e-06 4.73942e-06
7.91016e-10 1.22716e-06 1.22716e-06 4.76774e-06
8.05664e-10 1.25271e-06 1.25271e-06 4.78041e-06
8.20312e-10 1.28476e-06 1.28476e-06 4.7842e-06
8.34961e-10 1.32354e-06 1.32354e-06 4.80522e-06
8.49609e-10 1.36926e-06 1.36926e-06 4.84419e-06
8.64258e-10 1.4221e-06 1.4221e-06 4.9018e-06
8.78906e-10 1.48223e-06 1.48223e-06 4.97869e-06
8.93555e-10 1.54981e-06 1.54981e-06 5.07544e-06
9.08203e-10 1.62495e-06 1.62495e-06 5.19259e-06
9.22852e-10 1.70775e-06 1.70775e-06 5.33061e-06
9.375e-10 1.79828e-06 1.79828e-06 5.48992e-06
9.52148e-10 1.89659e-06 1.89659e-06 5.67087e-06
9.66797e-10 2.0027e-06 2.0027e-06 5.87373e-06
9.81445e-10 2.1166e-06 2.1166e-06 6.09873e-06
9.96094e-10 2.23825e-06 2.23825e-06 6.346e-06
1.01074e-09 2.36757e-06 2.36757e-06 6.61561e-06
1.02539e-09 2.78781e-06 4.30455e-06 8.98141e-06
1.04004e-09 3.33044e-06 5.20895e-06 1.07207e-05
1.05469e-09 3.5523e-06 5.48342e-06 1.24979e-05
1.06934e-09 3.61755e-06 5.55338e-06 1.37393e-05
1.08398e-09 3.63427e-06 5.5674e-06 1.45282e-05
1.09863e-09 3.63802e-06 5.56751e-06 1.50136e-05
1.11328e-09 3.63857e-06 5.57098e-06 1.53081e-05
1.12793e-09 3.63871e-06 5.57517e-06 1.54853e-05
1.14258e-09 3.63895e-06 5.57946e-06 1.55912e-05
1.15723e-09 3.63913e-06 5.58368e-06 1.56538e-05
1.17187e-09 3.63923e-06 5.58781e-06 1.56902e-05
1.18652e-09 3.63923e-06 5.59184e-06 1.57109e-05
1.20117e-09 3.63932e-06 5.59578e-06 1.57222e-05
1.21582e-09 3.6395e-06 5.59962e-06 1.5728e-05
1.23047e-09 3.63977e-06 5.60336e-06 1.57305e-05
1.24512e-09 3.64012e-06 5.60701e-06 1.57311e-05
1.25977e-09 3.64056e-06 5.61057e-06 1.57314e-05
1.27441e-09 3.64108e-06 5.61404e-06 1.57322e-05
1.28906e-09 3.64168e-06 5.61743e-06 1.5733e-05
1.30371e-09 3.64236e-06 5.62073e-06 1.57339e-05
1.31836e-09 3.64311e-06 5.62396e-06 1.57345e-05
1.33301e-09 3.64394e-06 5.62711e-06 1.5735e-05
1.34766e-09 3.64483e-06 5.63018e-06 1.57352e-05
1.3623e-09 3.64578e-06 5.63318e-06 1.57353e-05
1.37695e-09 3.6468e-06 5.63612e-06 1.57355e-05
1.3916e-09 3.64787e-06 5.639e-06 1.57361e-05
1.40625e-09 3.64899e-06 5.64181e-06 1.57369e-05
1.4209e-09 3.65017e-06 5.64457e-06 1.57379e-05
1.43555e-09 3.65139e-06 5.64728e-06 1.57391e-05
1.4502e-09 3.65266e-06 5.64994e-06 1.57406e-05
1.46484e-09 3.65396e-06 5.65255e-06 1.57422e-05
1.47949e-09 3.6553e-06 5.65513e-06 1.57441e-05
1.49414e-09 3.65666e-06 5.65767e-06 1.57461e-05
1.50879e-09 3.65805e-06 5.66018e-06 1.57482e-05
1.52344e-09 3.65947e-06 5.66266e-06 1.57505e-05
1.53809e-09 3.6609e-06 5.66512e-06 1.57529e-05
1.55273e-09 3.66234e-06 5.66756e-06 1.57554e-05
1.56738e-09 3.66379e-06 5.66999e-06 1.57579e-05
1.58203e-09 3.66524e-06 5.67241e-06 1.57606e-05
1.59668e-09 3.6667e-06 5.67482e-06 1.57632e-05
1.61133e-09 3.66815e-06 5.67723e-06 1.57659e-05
1.62598e-09 3.66959e-06 5.67965e-06 1.57687e-05
1.64062e-09 3.67101e-06 5.68207e-06 1.57714e-05
1.65527e-09 3.67242e-06 5.68451e-06 1.57741e-05
1.66992e-09 3.67381e-06 5.68696e-06 1.57767e-05
1.68457e-09 3.67517e-06 5.68943e-06 1.57793e-05
1.69922e-09 3.6765e-06 5.69193e-06 1.57818e-05
1.71387e-09 3.67779e-06 5.69446e-06 1.57842e-05
1.72852e-09 3.67905e-06 5.69702e-06 1.57865e-05
1.74316e-09 3.68026e-06 5.69962e-06 1.57886e-05
1.75781e-09 3.68143e-06 5.70225e-06 1.57907e-05
1.77246e-09 3.68254e-06 5.70494e-06 1.57925e-05
1.78711e-09 3.6836e-06 5.70767e-06 1.57942e-05
1.80176e-09 3.68461e-06 5.71045e-06 1.57957e-05
1.81641e-09 3.68555e-06 5.71329e-06 1.5797e-05
1.83105e-09 3.68643e-06 5.71619e-06 1.57981e-05
1.8457e-09 3.68724e-06 5.71915e-06 1.57989e-05
1.86035e-09 3.68798e-06 5.72218e-06 1.57995e-05
1.875e-09 3.68865e-06 5.72527e-06 1.57998e-05
1.88965e-09 3.68924e-06 5.72843e-06 1.57998e-05
1.9043e-09 3.68975e-06 5.73167e-06 1.58001e-05
1.91895e-09 3.69018e-06 5.73499e-06 1.58006e-05
1.93359e-09 3.69052e-06 5.73838e-06 1.58015e-05
1.94824e-09 3.69078e-06 5.74186e-06 1.58027e-05
1.96289e-09 3.69095e-06 5.74541e-06 1.58042e-05
1.97754e-09 3.69103e-06 5.74906e-06 1.5806e-05
1.99219e-09 3.69104e-06 5.75278e-06 1.58082e-05
2.00684e-09 3.69115e-06 5.7566e-06 1.58108e-05
2.02148e-09 3.69135e-06 5.7605e-06 1.58137e-05
2.03613e-09 3.69164e-06 5.7645e-06 1.5817e-05
2.05078e-09 3.69203e-06 5.76859e-06 1.58206e-05
2.06543e-09 3.69252e-06 5.77277e-06 1.58247e-05
2.08008e-09 3.69311e-06 5.77704e-06 1.58291e-05
2.09473e-09 3.6938e-06 5.7814e-06 1.58339e-05
2.10937e-09 3.69458e-06 5.78586e-06 1.58391e-05
2.12402e-09 3.69546e-06 5.79041e-06 1.58447e-05
2.13867e-09 3.69644e-06 5.79505e-06 1.58507e-05
2.15332e-09 3.69752e-06 5.79978e-06 1.58571e-05
2.16797e-09 3.69869e-06 5.80461e-06 1.58638e-05
2.18262e-09 3.69997e-06 5.80953e-06 1.5871e-05
2.19727e-09 3.70133e-06 5.81454e-06 1.58785e-05
2.21191e-09 3.70279e-06 5.81963e-06 1.58865e-05
2.22656e-09 3.70435e-06 5.82482e-06 1.58948e-05
2.24121e-09 3.70599e-06 5.83009e-06 1.59035e-05
2.25586e-09 3.70773e-06 5.83545e-06 1.59125e-05
2.27051e-09 3.70955e-06 5.84088e-06 1.5922e-05
2.28516e-09 3.71146e-06 5.8464e-06 1.59318e-05
2.2998e-09 3.71345e-06 5.852e-06 1.59419e-05
2.31445e-09 3.71553e-06 5.85767e-06 1.59524e-05
2.3291e-09 3.71768e-06 5.86341e-06 1.59632e-05
2.34375e-09 3.71991e-06 5.86923e-06 1.59744e-05
2.3584e-09 3.72221e-06 5.87511e-06 1.59859e-05
2.37305e-09 3.72458e-06 5.88106e-06 1.59976e-05
2.3877e-09 3.72702e-06 5.88707e-06 1.60097e-05
2.40234e-09 3.72952e-06 5.89314e-06 1.60221e-05
2.41699e-09 3.73208e-06 5.89926e-06 1.60347e-05
2.43164e-09 3.7347e-06 5.90544e-06 1.60476e-05
2.44629e-09 3.73737e-06 5.91166e-06 1.60607e-05
2.46094e-09 3.74009e-06 5.91793e-06 1.60741e-05
2.47559e-09 3.74286e-06 5.92424e-06 1.60876e-05
2.49023e-09 3.74566e-06 5.93058e-06 1.61014e-05
2.50488e-09 3.74851e-06 5.93696e-06 1.61154e-05
2.51953e-09 3.75139e-06 5.94336e-06 1.61295e-05
2.53418e-09 3.7543e-06 5.94979e-06 1.61438e-05
2.54883e-09 3.75723e-06 5.95624e-06 1.61582e-05
2.56348e-09 3.76019e-06 5.96271e-06 1.61728e-05
2.57812e-09 3.76316e-06 5.96918e-06 1.61874e-05
2.59277e-09 3.76614e-06 5.97567e-06 1.62022e-05
2.60742e-09 3.76914e-06 5.98215e-06 1.6217e-05
2.62207e-09 3.77213e-06 5.98864e-06 1.62319e-05
2.63672e-09 3.77513e-06 5.99512e-06 1.62468e-05
2.65137e-09 3.77812e-06 6.00159e-06 1.62617e-05
2.66602e-09 3.7811e-06 6.00805e-06 1.62766e-05
2.68066e-09 3.78407e-06 6.01448e-06 1.62915e-05
2.69531e-09 3.78702e-06 6.0209e-06 1.63064e-05
2.70996e-09 3.78995e-06 6.02729e-06 1.63212e-05
2.72461e-09 3.79285e-06 6.03364e-06 1.6336e-05
2.73926e-09 3.79572e-06 6.03996e-06 1.63506e-05
2.75391e-09 3.79856e-06 6.04624e-06 1.63652e-05
2.76855e-09 3.80135e-06 6.05247e-06 1.63796e-05
2.7832e-09 3.80411e-06 6.05866e-06 1.63939e-05
2.79785e-09 3.80681e-06 6.0648e-06 1.64081e-05
2.8125e-09 3.80947e-06 6.07088e-06 1.6422e-05
2.82715e-09 3.81207e-06 6.0769e-06 1.64358e-05
2.8418e-09 3.81461e-06 6.08285e-06 1.64494e-05
2.85645e-09 3.81709e-06 6.08874e-06 1.64628e-05
2.87109e-09 3.81951e-06 6.09456e-06 1.64759e-05
2.88574e-09 3.82186e-06 6.10031e-06 1.64888e-05
2.90039e-09 3.82413e-06 6.10598e-06 1.65014e-05
2.91504e-09 3.82634e-06 6.11157e-06 1.65138e-05
2.92969e-09 3.82846e-06 6.11708e-06 1.65259e-05
2.94434e-09 3.83051e-06 6.1225e-06 1.65376e-05
2.95898e-09 3.83247e-06 6.12784e-06 1.65491e-05
2.97363e-09 3.83434e-06 6.13308e-06 1.65602e-05
2.98828e-09 3.83613e-06 6.13824e-06 1.6571e-05
3.00293e-09 3.83783e-06 6.14329e-06 1.65815e-05
3.01758e-09 3.83944e-06 6.14826e-06 1.65916e-05
3.03223e-09 3.84096e-06 6.15312e-06 1.66013e-05
3.04687e-09 3.84238e-06 6.15788e-06 1.66107e-05
3.06152e-09 3.8437e-06 6.16255e-06 1.66197e-05
3.07617e-09 3.84493e-06 6.16711e-06 1.66283e-05
3.09082e-09 3.84606e-06 6.17157e-06 1.66366e-05
3.10547e-09 3.84709e-06 6.17592e-06 1.66444e-05
3.12012e-09 3.84802e-06 6.18017e-06 1.66518e-05
3.13477e-09 3.84884e-06 6.18432e-06 1.66588e-05
3.14941e-09 3.84957e-06 6.18836e-06 1.66655e-05
3.16406e-09 3.8502e-06 6.19229e-06 1.66717e-05
3.17871e-09 3.85073e-06 6.19612e-06 1.66775e-05
3.19336e-09 3.85116e-06 6.19984e-06 1.66829e-05
3.20801e-09 3.85149e-06 6.20346e-06 1.66879e-05
3.22266e-09 3.85171e-06 6.20697e-06 1.66925e-05
3.2373e-09 3.85185e-06 6.21039e-06 1.66966e-05
3.25195e-09 3.85188e-06 6.2137e-06 1.67004e-05
3.2666e-09 3.85194e-06 6.21691e-06 1.67038e-05
3.28125e-09 3.8521e-06 6.22002e-06 1.67068e-05
3.2959e-09 3.85235e-06 6.22303e-06 1.67093e-05
3.31055e-09 3.85269e-06 6.22595e-06 1.67115e-05
3.3252e-09 3.85311e-06 6.22877e-06 1.67133e-05
3.33984e-09 3.85363e-06 6.23151e-06 1.67148e-05
3.35449e-09 3.85423e-06 6.23415e-06 1.67159e-05
3.36914e-09 3.85491e-06 6.23671e-06 1.67166e-05
3.38379e-09 3.85567e-06 6.23918e-06 1.67169e-05
3.39844e-09 3.85651e-06 6.24157e-06 1.6717e-05
3.41309e-09 3.85742e-06 6.24388e-06 1.67173e-05
3.42773e-09 3.8584e-06 6.24612e-06 1.67179e-05
3.44238e-09 3.85945e-06 6.24829e-06 1.67188e-05
3.45703e-09 3.86056e-06 6.25039e-06 1.672e-05
3.47168e-09 3.86173e-06 6.25242e-06 1.67215e-05
3.48633e-09 3.86296e-06 6.25439e-06 1.67233e-05
3.50098e-09 3.86424e-06 6.2563e-06 1.67253e-05
3.51562e-09 3.86558e-06 6.25816e-06 1.67276e-05
3.53027e-09 3.86696e-06 6.25997e-06 1.673e-05
3.54492e-09 3.86838e-06 6.26173e-06 1.67327e-05
3.55957e-09 3.86983e-06 6.26345e-06 1.67356e-05
3.57422e-09 3.87133e-06 6.26513e-06 1.67387e-05
3.58887e-09 3.87285e-06 6.26677e-06 1.67419e-05
3.60352e-09 3.87439e-06 6.26839e-06 1.67453e-05
3.61816e-09 3.87596e-06 6.26998e-06 1.67488e-05
3.63281e-09 3.87754e-06 6.27155e-06 1.67524e-05
3.64746e-09 3.87914e-06 6.27311e-06 1.67561e-05
3.66211e-09 3.88074e-06 6.27465e-06 1.67599e-05
3.67676e-09 3.88235e-06 6.27618e-06 1.67638e-05
3.69141e-09 3.88396e-06 6.27771e-06 1.67677e-05
3.70605e-09 3.88556e-06 6.27924e-06 1.67716e-05
3.7207e-09 3.88715e-06 6.28077e-06 1.67755e-05
3.73535e-09 3.88873e-06 6.28231e-06 1.67794e-05
3.75e-09 3.89029e-06 6.28387e-06 1.67833e-05
3.76465e-09 3.89183e-06 6.28545e-06 1.67872e-05
3.7793e-09 3.89334e-06 6.28704e-06 1.67909e-05
3.79395e-09 3.89482e-06 6.28867e-06 1.67946e-05
3.80859e-09 3.89626e-06 6.29032e-06 1.67983e-05
3.82324e-09 3.89767e-06 6.29201e-06 1.68018e-05
3.83789e-09 3.89903e-06 6.29374e-06 1.68051e-05
3.85254e-09 3.90035e-06 6.29551e-06 1.68083e-05
3.86719e-09 3.90161e-06 6.29732e-06 1.68114e-05
3.88184e-09 3.90282e-06 6.29919e-06 1.68143e-05
3.89648e-09 3.90397e-06 6.3011e-06 1.68169e-05
3.91113e-09 3.90507e-06 6.30308e-06 1.68194e-05
3.92578e-09 3.90609e-06 6.30512e-06 1.68217e-05
3.94043e-09 3.90705e-06 6.30722e-06 1.68237e-05
3.95508e-09 3.90794e-06 6.30938e-06 1.68254e-05
3.96973e-09 3.90875e-06 6.31162e-06 1.68269e-05
3.98437e-09 3.90949e-06 6.31393e-06 1.68281e-05
3.99902e-09 3.91015e-06 6.31631e-06 1.68291e-05
4.01367e-09 3.91072e-06 6.31877e-06 1.68297e-05
4.02832e-09 3.91121e-06 6.32131e-06 1.683e-05
4.04297e-09 3.91162e-06 6.32393e-06 1.683e-05
4.05762e-09 3.91193e-06 6.32664e-06 1.68304e-05
4.07227e-09 3.91216e-06 6.32943e-06 1.6831e-05
4.08691e-09 3.91229e-06 6.33231e-06 1.68321e-05
4.10156e-09 3.91233e-06 6.33528e-06 1.68335e-05
4.11621e-09 3.91238e-06 6.33834e-06 1.68352e-05
4.13086e-09 3.91254e-06 6.34149e-06 1.68374e-05
4.14551e-09 3.91278e-06 6.34474e-06 1.68399e-05
4.16016e-09 3.91313e-06 6.34807e-06 1.68428e-05
4.1748e-09 3.91357e-06 6.3515e-06 1.6846e-05
4.18945e-09 3.91411e-06 6.35503e-06 1.68497e-05
4.2041e-09 3.91475e-06 6.35865e-06 1.68537e-05
4.21875e-09 3.91549e-06 6.36236e-06 1.68582e-05
4.2334e-09 3.91633e-06 6.36617e-06 1.6863e-05
4.24805e-09 3.91727e-06 6.37007e-06 1.68683e-05
4.2627e-09 3.9183e-06 6.37406e-06 1.68739e-05
4.27734e-09 3.91943e-06 6.37815e-06 1.68799e-05
4.29199e-09 3.92066e-06 6.38233e-06 1.68863e-05
4.30664e-09 3.92198e-06 6.3866e-06 1.68931e-05
4.32129e-09 3.92339e-06 6.39095e-06 1.69003e-05
4.33594e-09 3.92489e-06 6.3954e-06 1.69079e-05
4.35059e-09 3.92649e-06 6.39993e-06 1.69158e-05
4.36523e-09 3.92817e-06 6.40454e-06 1.69241e-05
4.37988e-09 3.92994e-06 6.40923e-06 1.69328e-05
4.39453e-09 3.93179e-06 6.41401e-06 1.69418e-05
4.40918e-09 3.93372e-06 6.41886e-06 1.69511e-05
4.42383e-09 3.93573e-06 6.42378e-06 1.69609e-05
4.43848e-09 3.93782e-06 6.42878e-06 1.69709e-05
4.45312e-09 3.93998e-06 6.43385e-06 1.69812e-05
4.46777e-09 3.94221e-06 6.43898e-06 1.69919e-05
4.48242e-09 3.94451e-06 6.44417e-06 1.70028e-05
4.49707e-09 3.94687e-06 6.44943e-06 1.70141e-05
4.51172e-09 3.94929e-06 6.45474e-06 1.70256e-05
4.52637e-09 3.95177e-06 6.4601e-06 1.70374e-05
4.54102e-09 3.9543e-06 6.46551e-06 1.70494e-05
4.55566e-09 3.95689e-06 6.47097e-06 1.70616e-05
4.57031e-09 3.95951e-06 6.47647e-06 1.70741e-05
4.58496e-09 3.96218e-06 6.482e-06 1.70868e-05
4.59961e-09 3.96489e-06 6.48757e-06 1.70996e-05
4.61426e-09 3.96763e-06 6.49317e-06 1.71127e-05
4.62891e-09 3.9704e-06 6.4988e-06 1.71258e-05
4.64355e-09 3.9732e-06 6.50444e-06 1.71392e-05
4.6582e-09 3.97601e-06 6.51011e-06 1.71526e-05
4.67285e-09 3.97885e-06 6.51578e-06 1.71662e-05
4.6875e-09 3.98169e-06 6.52147e-06 1.71798e-05
4.70215e-09 3.98455e-06 6.52715e-06 1.71935e-05
4.7168e-09 3.98741e-06 6.53284e-06 1.72073e-05
4.73145e-09 3.99027e-06 6.53853e-06 1.72211e-05
4.74609e-09 3.99312e-06 6.5442e-06 1.72349e-05
4.76074e-09 3.99596e-06 6.54986e-06 1.72488e-05
4.77539e-09 3.99879e-06 6.55551e-06 1.72626e-05
4.79004e-09 4.00161e-06 6.56113e-06 1.72764e-05
4.80469e-09 4.0044e-06 6.56672e-06 1.72901e-05
4.81934e-09 4.00716e-06 6.57229e-06 1.73037e-05
4.83398e-09 4.00989e-06 6.57782e-06 1.73173e-05
4.84863e-09 4.01259e-06 6.58331e-06 1.73308e-05
4.86328e-09 4.01525e-06 6.58875e-06 1.73441e-05
4.87793e-09 4.01787e-06 6.59416e-06 1.73574e-05
4.89258e-09 4.02044e-06 6.59951e-06 1.73704e-05
4.90723e-09 4.02296e-06 6.6048e-06 1.73833e-05
4.92187e-09 4.02542e-06 6.61004e-06 1.7396e-05
4.93652e-09 4.02783e-06 6.61521e-06 1.74085e-05
4.95117e-09 4.03017e-06 6.62032e-06 1.74208e-05
4.96582e-09 4.03245e-06 6.62536e-06 1.74329e-05
4.98047e-09 4.03467e-06 6.63033e-06 1.74447e-05
4.99512e-09 4.03681e-06 6.63522e-06 1.74563e-05
5.00977e-09 4.03887e-06 6.64004e-06 1.74675e-05
5.02441e-09 4.04086e-06 6.64477e-06 1.74785e-05
5.03906e-09 4.04277e-06 6.64942e-06 1.74892e-05
5.05371e-09 4.0446e-06 6.65398e-06 1.74996e-05
5.06836e-09 4.04634e-06 6.65845e-06 1.75097e-05
5.08301e-09 4.04799e-06 6.66283e-06 1.75194e-05
5.09766e-09 4.04956e-06 6.66712e-06 1.75288e-05
5.1123e-09 4.05103e-06 6.67132e-06 1.75379e-05
5.12695e-09 4.05241e-06 6.67541e-06 1.75466e-05
5.1416e-09 4.0537e-06 6.67941e-06 1.75549e-05
5.15625e-09 4.05489e-06 6.68331e-06 1.75628e-05
5.1709e-09 4.05598e-06 6.6871e-06 1.75704e-05
5.18555e-09 4.05698e-06 6.6908e-06 1.75775e-05
5.2002e-09 4.05787e-06 6.69439e-06 1.75843e-05
5.21484e-09 4.05867e-06 6.69788e-06 1.75907e-05
5.22949e-09 4.05936e-06 6.70126e-06 1.75967e-05
5.24414e-09 4.05996e-06 6.70454e-06 1.76022e-05
5.25879e-09 4.06046e-06 6.70772e-06 1.76074e-05
5.27344e-09 4.06085e-06 6.71079e-06 1.76122e-05
5.28809e-09 4.06115e-06 6.71375e-06 1.76165e-05
5.30273e-09 4.06134e-06 6.71662e-06 1.76205e-05
5.31738e-09 4.06144e-06 6.71938e-06 1.7624e-05
5.33203e-09 4.06144e-06 6.72204e-06 1.76271e-05
5.34668e-09 4.06154e-06 6.7246e-06 1.76299e-05
5.36133e-09 4.06173e-06 6.72706e-06 1.76322e-05
5.37598e-09 4.06202e-06 6.72942e-06 1.76341e-05
5.39062e-09 4.0624e-06 6.73169e-06 1.76357e-05
5.40527e-09 4.06287e-06 6.73386e-06 1.76368e-05
5.41992e-09 4.06343e-06 6.73593e-06 1.76376e-05
5.43457e-09 4.06407e-06 6.73792e-06 1.7638e-05
5.44922e-09 4.0648e-06 6.73982e-06 1.76381e-05
5.46387e-09 4.06561e-06 6.74164e-06 1.76384e-05
5.47852e-09 4.0665e-06 6.74337e-06 1.7639e-05
5.49316e-09 4.06747e-06 6.74502e-06 1.764e-05
5.50781e-09 4.06851e-06 6.7466e-06 1.76414e-05
5.52246e-09 4.06962e-06 6.7481e-06 1.7643e-05
5.53711e-09 4.07079e-06 6.74952e-06 1.76449e-05
5.55176e-09 4.07203e-06 6.75089e-06 1.76472e-05
5.56641e-09 4.07334e-06 6.75218e-06 1.76497e-05
5.58105e-09 4.07469e-06 6.75342e-06 1.76524e-05
5.5957e-09 4.0761e-06 6.7546e-06 1.76555e-05
5.61035e-09 4.07756e-06 6.75573e-06 1.76587e-05
5.625e-09 4.07907e-06 6.75681e-06 1.76622e-05
5.63965e-09 4.08062e-06 6.75784e-06 1.76659e-05
5.6543e-09 4.0822e-06 6.75883e-06 1.76698e-05
5.66895e-09 4.08382e-06 6.75979e-06 1.76739e-05
5.68359e-09 4.08547e-06 6.76071e-06 1.76781e-05
5.69824e-09 4.08714e-06 6.7616e-06 1.76825e-05
5.71289e-09 4.08883e-06 6.76247e-06 1.7687e-05
5.72754e-09 4.09054e-06 6.76332e-06 1.76916e-05
5.74219e-09 4.09226e-06 6.76415e-06 1.76963e-05
5.75684e-09 4.09399e-06 6.76497e-06 1.77011e-05
5.77148e-09 4.09572e-06 6.76579e-06 1.77059e-05
5.78613e-09 4.09745e-06 6.7666e-06 1.77108e-05
5.80078e-09 4.09917e-06 6.76741e-06 1.77157e-05
5.81543e-09 4.10089e-06 6.76823e-06 1.77206e-05
5.83008e-09 4.10259e-06 6.76906e-06 1.77255e-05
5.84473e-09 4.10427e-06 6.7699e-06 1.77304e-05
5.85937e-09 4.10593e-06 6.77077e-06 1.77352e-05
5.87402e-09 4.10757e-06 6.77166e-06 1.774e-05
5.88867e-09 4.10917e-06 6.77257e-06 1.77447e-05
5.90332e-09 4.11074e-06 6.77352e-06 1.77492e-05
5.91797e-09 4.11226e-06 6.7745e-06 1.77537e-05
5.93262e-09 4.11375e-06 6.77552e-06 1.7758e-05
5.94727e-09 4.11518e-06 6.77658e-06 1.77622e-05
5.96191e-09 4.11657e-06 6.7777e-06 1.77662e-05
5.97656e-09 4.1179e-06 6.77886e-06 1.77701e-05
5.99121e-09 4.11917e-06 6.78008e-06 1.77737e-05
6.00586e-09 4.12038e-06 6.78135e-06 1.77772e-05
6.02051e-09 4.12153e-06 6.78269e-06 1.77804e-05
6.03516e-09 4.12261e-06 6.78409e-06 1.77833e-05
6.0498e-09 4.12362e-06 6.78556e-06 1.77861e-05
6.06445e-09 4.12455e-06 6.7871e-06 1.77885e-05
6.0791e-09 4.1254e-06 6.78871e-06 1.77907e-05
6.09375e-09 4.12618e-06 6.7904e-06 1.77925e-05
6.1084e-09 4.12687e-06 6.79217e-06 1.77941e-05
6.12305e-09 4.12748e-06 6.79402e-06 1.77954e-05
6.1377e-09 4.128e-06 6.79595e-06 1.77963e-05
6.15234e-09 4.12844e-06 6.79797e-06 1.77969e-05
6.16699e-09 4.12878e-06 6.80008e-06 1.77972e-05
6.18164e-09 4.12903e-06 6.80227e-06 1.77973e-05
6.19629e-09 4.12918e-06 6.80455e-06 1.77977e-05
6.21094e-09 4.12925e-06 6.80693e-06 1.77985e-05
6.22559e-09 4.12928e-06 6.80939e-06 1.77997e-05
6.24023e-09 4.12941e-06 6.81195e-06 1.78013e-05
6.25488e-09 4.12964e-06 6.81461e-06 1.78033e-05
6.26953e-09 4.12997e-06 6.81736e-06 1.78056e-05
6.28418e-09 4.1304e-06 6.8202e-06 1.78083e-05
6.29883e-09 4.13092e-06 6.82314e-06 1.78114e-05
6.31348e-09 4.13154e-06 6.82618e-06 1.7815e-05
6.32812e-09 4.13227e-06 6.82931e-06 1.78189e-05
6.34277e-09 4.13309e-06 6.83254e-06 1.78232e-05
6.35742e-09 4.13401e-06 6.83585e-06 1.78279e-05
6.37207e-09 4.13502e-06 6.83927e-06 1.7833e-05
6.38672e-09 4.13613e-06 6.84277e-06 1.78385e-05
6.40137e-09 4.13734e-06 6.84637e-06 1.78444e-05
6.41602e-09 4.13863e-06 6.85005e-06 1.78506e-05
6.43066e-09 4.14002e-06 6.85383e-06 1.78573e-05
6.44531e-09 4.1415e-06 6.85769e-06 1.78643e-05
6.45996e-09 4.14307e-06 6.86163e-06 1.78717e-05
6.47461e-09 4.14473e-06 6.86566e-06 1.78794e-05
6.48926e-09 4.14646e-06 6.86976e-06 1.78875e-05
6.50391e-09 4.14828e-06 6.87395e-06 1.7896e-05
6.51855e-09 4.15018e-06 6.87821e-06 1.79048e-05
6.5332e-09 4.15216e-06 6.88254e-06 1.79139e-05
6.54785e-09 4.1542e-06 6.88695e-06 1.79234e-05
6.5625e-09 4.15632e-06 6.89142e-06 1.79331e-05
6.57715e-09 4.15851e-06 6.89595e-06 1.79432e-05
6.5918e-09 4.16075e-06 6.90054e-06 1.79535e-05
6.60645e-09 4.16306e-06 6.90519e-06 1.79641e-05
6.62109e-09 4.16543e-06 6.9099e-06 1.7975e-05
6.63574e-09 4.16785e-06 6.91465e-06 1.79861e-05
6.65039e-09 4.17032e-06 6.91945e-06 1.79974e-05
6.66504e-09 4.17352e-06 6.92123e-06 1.8025e-05
6.67969e-09 4.17832e-06 6.92447e-06 1.8057e-05
6.69434e-09 4.18464e-06 6.93265e-06 1.80932e-05
6.70898e-09 4.19241e-06 6.94571e-06 1.81332e-05
6.72363e-09 4.20158e-06 6.96356e-06 1.81769e-05
6.73828e-09 4.21208e-06 6.98614e-06 1.82239e-05
6.75293e-09 4.22386e-06 7.01336e-06 1.82742e-05
6.76758e-09 4.23688e-06 7.04514e-06 1.83275e-05
6.78223e-09 4.25109e-06 7.0814e-06 1.83835e-05
6.79687e-09 4.26645e-06 7.12205e-06 1.84423e-05
6.81152e-09 4.28294e-06 7.16702e-06 1.85036e-05
6.82617e-09 4.30053e-06 7.21622e-06 1.85672e-05
6.84082e-09 4.3192e-06 7.26956e-06 1.86332e-05
6.85547e-09 4.33895e-06 7.32695e-06 1.87015e-05
6.87012e-09 4.35976e-06 7.38831e-06 1.87719e-05
6.88477e-09 4.38164e-06 7.45356e-06 1.88445e-05
6.89941e-09 4.40459e-06 7.5226e-06 1.89192e-05
6.91406e-09 4.42863e-06 7.59535e-06 1.8996e-05
6.92871e-09 4.45377e-06 7.67172e-06 1.9075e-05
6.94336e-09 4.48003e-06 7.75162e-06 1.91561e-05
6.95801e-09 4.50744e-06 7.83496e-06 1.92396e-05
6.97266e-09 4.53602e-06 7.92166e-06 1.93253e-05
6.9873e-09 4.56582e-06 8.01162e-06 1.94135e-05
7.00195e-09 4.59687e-06 8.10474e-06 1.95042e-05
7.0166e-09 4.6292e-06 8.20094e-06 1.95976e-05
7.03125e-09 4.66287e-06 8.30013e-06 1.96937e-05
7.0459e-09 4.6979e-06 8.40219e-06 1.97927e-05
7.06055e-09 4.73436e-06 8.50704e-06 1.98948e-05
7.0752e-09 4.77228e-06 8.61457e-06 2e-05
7.08984e-09 4.8117e-06 8.72468e-06 2.01087e-05
7.10449e-09 4.81775e-06 8.82234e-06 2.04311e-05
7.11914e-09 4.9533e-06 8.97141e-06 2.09418e-05
7.13379e-09 5.00408e-06 9.02363e-06 2.14106e-05
7.14844e-09 5.01793e-06 9.03703e-06 2.17295e-05
7.16309e-09 5.02068e-06 9.03906e-06 2.1929e-05
7.17773e-09 5.02081e-06 9.03995e-06 2.20496e-05
7.19238e-09 5.02159e-06 9.04151e-06 2.2121e-05
7.20703e-09 5.02245e-06 9.04316e-06 2.21624e-05
7.22168e-09 5.02327e-06 9.04475e-06 2.21855e-05
7.23633e-09 5.024e-06 9.04626e-06 2.21977e-05
7.25098e-09 5.02464e-06 9.04768e-06 2.22034e-05
7.26562e-09 5.02518e-06 9.049e-06 2.22054e-05
7.28027e-09 5.02563e-06 9.05022e-06 2.22056e-05
7.29492e-09 5.02598e-06 9.05134e-06 2.2207e-05
7.30957e-09 5.02623e-06 9.05236e-06 2.22089e-05
7.32422e-09 5.02638e-06 9.05328e-06 2.22109e-05
7.33887e-09 5.02643e-06 9.0541e-06 2.2213e-05
7.35352e-09 5.02648e-06 9.05482e-06 2.22148e-05
7.36816e-09 5.02662e-06 9.05544e-06 2.22163e-05
7.38281e-09 5.02687e-06 9.05596e-06 2.22176e-05
7.39746e-09 5.02722e-06 9.05638e-06 2.22184e-05
7.41211e-09 5.02766e-06 9.0567e-06 2.22189e-05
7.42676e-09 5.0282e-06 9.05692e-06 2.2219e-05
7.44141e-09 5.02884e-06 9.05705e-06 2.22193e-05
7.45605e-09 5.02957e-06 9.05708e-06 2.222e-05
7.4707e-09 5.0304e-06 9.05714e-06 2.2221e-05
7.48535e-09 5.03131e-06 9.0573e-06 2.22225e-05
7.5e-09 5.03232e-06 9.05755e-06 2.22243e-05
7.51465e-09 5.03342e-06 9.05789e-06 2.22265e-05
7.5293e-09 5.0346e-06 9.05831e-06 2.2229e-05
7.54395e-09 5.03586e-06 9.05882e-06 2.22319e-05
7.55859e-09 5.0372e-06 9.05941e-06 2.22352e-05
7.57324e-09 5.03862e-06 9.06008e-06 2.22388e-05
7.58789e-09 5.04012e-06 9.06083e-06 2.22427e-05
7.60254e-09 5.04169e-06 9.06165e-06 2.2247e-05
7.61719e-09 5.04333e-06 9.06254e-06 2.22516e-05
7.63184e-09 5.04504e-06 9.0635e-06 2.22564e-05
7.64648e-09 5.04681e-06 9.06452e-06 2.22616e-05
7.66113e-09 5.04864e-06 9.0656e-06 2.2267e-05
7.67578e-09 5.05052e-06 9.06674e-06 2.22727e-05
7.69043e-09 5.05246e-06 9.06793e-06 2.22787e-05
7.70508e-09 5.05444e-06 9.06918e-06 2.22849e-05
7.71973e-09 5.05647e-06 9.07046e-06 2.22912e-05
7.73437e-09 5.05854e-06 9.07179e-06 2.22978e-05
7.74902e-09 5.06065e-06 9.07316e-06 2.23046e-05
7.76367e-09 5.06278e-06 9.07456e-06 2.23116e-05
7.77832e-09 5.06495e-06 9.07599e-06 2.23187e-05
7.79297e-09 5.06714e-06 9.07745e-06 2.2326e-05
7.80762e-09 5.06935e-06 9.07892e-06 2.23333e-05
7.82227e-09 5.07158e-06 9.08042e-06 2.23408e-05
7.83691e-09 5.07382e-06 9.08192e-06 2.23484e-05
7.85156e-09 5.07606e-06 9.08344e-06 2.2356e-05
7.86621e-09 5.07831e-06 9.08495e-06 2.23637e-05
7.88086e-09 5.08055e-06 9.08647e-06 2.23715e-05
7.89551e-09 5.08279e-06 9.08798e-06 2.23792e-05
7.91016e-09 5.08502e-06 9.08948e-06 2.2387e-05
7.9248e-09 5.08723e-06 9.09097e-06 2.23947e-05
7.93945e-09 5.08943e-06 9.09243e-06 2.24024e-05
7.9541e-09 5.0916e-06 9.09388e-06 2.24101e-05
7.96875e-09 5.09374e-06 9.0953e-06 2.24177e-05
7.9834e-09 5.09585e-06 9.09669e-06 2.24252e-05
7.99805e-09 5.09792e-06 9.09804e-06 2.24326e-05
8.0127e-09 5.09996e-06 9.09936e-06 2.24399e-05
8.02734e-09 5.10195e-06 9.10063e-06 2.2447e-05
8.04199e-09 5.10389e-06 9.10185e-06 2.2454e-05
8.05664e-09 5.10578e-06 9.10302e-06 2.24608e-05
8.07129e-09 5.10761e-06 9.10414e-06 2.24674e-05
8.08594e-09 5.10939e-06 9.1052e-06 2.24739e-05
8.10059e-09 5.1111e-06 9.1062e-06 2.24801e-05
8.11523e-09 5.11275e-06 9.10714e-06 2.24861e-05
8.12988e-09 5.11433e-06 9.10801e-06 2.24918e-05
8.14453e-09 5.11583e-06 9.1088e-06 2.24973e-05
8.15918e-09 5.11726e-06 9.10952e-06 2.25025e-05
8.17383e-09 5.11862e-06 9.11017e-06 2.25075e-05
8.18848e-09 5.11989e-06 9.11073e-06 2.25121e-05
8.20312e-09 5.12108e-06 9.11122e-06 2.25164e-05
8.21777e-09 5.12218e-06 9.11162e-06 2.25204e-05
8.23242e-09 5.1232e-06 9.11193e-06 2.25241e-05
8.24707e-09 5.12413e-06 9.11215e-06 2.25275e-05
8.26172e-09 5.12496e-06 9.11229e-06 2.25305e-05
8.27637e-09 5.1257e-06 9.11233e-06 2.25331e-05
8.29102e-09 5.12635e-06 9.11238e-06 2.25354e-05
8.30566e-09 5.12691e-06 9.11253e-06 2.25373e-05
8.32031e-09 5.12736e-06 9.11277e-06 2.25388e-05
8.33496e-09 5.12772e-06 9.11311e-06 2.254e-05
8.34961e-09 5.12798e-06 9.11354e-06 2.25407e-05
8.36426e-09 5.12814e-06 9.11408e-06 2.25411e-05
8.37891e-09 5.1282e-06 9.11471e-06 2.25411e-05
8.39355e-09 5.12824e-06 9.11544e-06 2.25415e-05
8.4082e-09 5.12838e-06 9.11627e-06 2.25424e-05
8.42285e-09 5.12861e-06 9.1172e-06 2.25436e-05
8.4375e-09 5.12895e-06 9.11823e-06 2.25452e-05
8.45215e-09 5.12938e-06 9.11935e-06 2.25472e-05
8.4668e-09 5.12992e-06 9.12057e-06 2.25496e-05
8.48145e-09 5.13054e-06 9.12188e-06 2.25524e-05
8.49609e-09 5.13127e-06 9.12329e-06 2.25556e-05
8.51074e-09 5.13209e-06 9.1248e-06 2.25592e-05
8.52539e-09 5.133e-06 9.12639e-06 2.25632e-05
8.54004e-09 5.134e-06 9.12807e-06 2.25676e-05
8.55469e-09 5.13509e-06 9.12984e-06 2.25723e-05
8.56934e-09 5.13626e-06 9.1317e-06 2.25774e-05
8.58398e-09 5.13752e-06 9.13364e-06 2.25829e-05
8.59863e-09 5.13886e-06 9.13566e-06 2.25887e-05
8.61328e-09 5.14029e-06 9.13776e-06 2.25948e-05
8.62793e-09 5.14178e-06 9.13994e-06 2.26013e-05
8.64258e-09 5.14336e-06 9.14218e-06 2.26081e-05
8.65723e-09 5.145e-06 9.1445e-06 2.26152e-05
8.67187e-09 5.14671e-06 9.14689e-06 2.26226e-05
8.68652e-09 5.1487e-06 9.15413e-06 2.26424e-05
8.70117e-09 5.15141e-06 9.15964e-06 2.26627e-05
8.71582e-09 5.15475e-06 9.1635e-06 2.26833e-05
8.73047e-09 5.15862e-06 9.1658e-06 2.27038e-05
8.74512e-09 5.16293e-06 9.1666e-06 2.2724e-05
8.75977e-09 5.16761e-06 9.16722e-06 2.27435e-05
8.77441e-09 5.17258e-06 9.16921e-06 2.27621e-05
8.78906e-09 5.17777e-06 9.1725e-06 2.27796e-05
8.80371e-09 5.18313e-06 9.17704e-06 2.27957e-05
8.81836e-09 5.18861e-06 9.18278e-06 2.28103e-05
8.83301e-09 5.19417e-06 9.18968e-06 2.28232e-05
8.84766e-09 5.19977e-06 9.19771e-06 2.28344e-05
8.8623e-09 5.20541e-06 9.20684e-06 2.28436e-05
8.87695e-09 5.21106e-06 9.21704e-06 2.2851e-05
8.8916e-09 5.21672e-06 9.22832e-06 2.28564e-05
8.90625e-09 5.2224e-06 9.24067e-06 2.28599e-05
8.9209e-09 5.22811e-06 9.25408e-06 2.28615e-05
8.93555e-09 5.23389e-06 9.26856e-06 2.28617e-05
8.9502e-09 5.23976e-06 9.28414e-06 2.28636e-05
8.96484e-09 5.24578e-06 9.30083e-06 2.28671e-05
8.97949e-09 5.25199e-06 9.31867e-06 2.2872e-05
8.99414e-09 5.25846e-06 9.33769e-06 2.2878e-05
9.00879e-09 5.26525e-06 9.35794e-06 2.28851e-05
9.02344e-09 5.27245e-06 9.37946e-06 2.28929e-05
9.03809e-09 5.28013e-06 9.40231e-06 2.29011e-05
9.05273e-09 5.28838e-06 9.42654e-06 2.29094e-05
9.06738e-09 5.29731e-06 9.45221e-06 2.29176e-05
9.08203e-09 5.30702e-06 9.4794e-06 2.29252e-05
9.09668e-09 5.31761e-06 9.50817e-06 2.29319e-05
9.11133e-09 5.32918e-06 9.53859e-06 2.29374e-05
9.12598e-09 5.34187e-06 9.57074e-06 2.29411e-05
9.14062e-09 5.35577e-06 9.60469e-06 2.29428e-05
9.15527e-09 5.37101e-06 9.64051e-06 2.29436e-05
9.16992e-09 5.38771e-06 9.67828e-06 2.29475e-05
9.18457e-09 5.40598e-06 9.71807e-06 2.29547e-05
9.19922e-09 5.42594e-06 9.75994e-06 2.29657e-05
9.21387e-09 5.44771e-06 9.80398e-06 2.2981e-05
9.22852e-09 5.47139e-06 9.85024e-06 2.30011e-05
9.24316e-09 5.4971e-06 9.89877e-06 2.30263e-05
9.25781e-09 5.52493e-06 9.94965e-06 2.3057e-05
9.27246e-09 5.55499e-06 1.00029e-05 2.30938e-05
9.28711e-09 5.56919e-06 1.00376e-05 2.3158e-05
9.30176e-09 5.91684e-06 1.0382e-05 2.49496e-05
9.31641e-09 6.0496e-06 1.05143e-05 2.64526e-05
9.33105e-09 6.08744e-06 1.0552e-05 2.74581e-05
9.3457e-09 6.09661e-06 1.05611e-05 2.80882e-05
9.36035e-09 6.09822e-06 1.05627e-05 2.84738e-05
9.375e-09 6.09842e-06 1.05629e-05 2.87073e-05
9.38965e-09 6.09899e-06 1.05635e-05 2.88476e-05
9.4043e-09 6.09956e-06 1.05641e-05 2.89313e-05
9.41895e-09 6.10006e-06 1.05647e-05 2.89807e-05
9.43359e-09 6.10047e-06 1.05651e-05 2.90095e-05
9.44824e-09 6.10078e-06 1.05655e-05 2.90258e-05
9.46289e-09 6.10098e-06 1.05657e-05 2.90348e-05
9.47754e-09 6.10109e-06 1.05658e-05 2.90395e-05
9.49219e-09 6.1011e-06 1.05659e-05 2.90418e-05
9.50684e-09 6.10119e-06 1.05659e-05 2.90427e-05
9.52148e-09 6.10138e-06 1.05661e-05 2.90429e-05
9.53613e-09 6.10166e-06 1.05663e-05 2.90429e-05
9.55078e-09 6.10204e-06 1.05667e-05 2.90429e-05
9.56543e-09 6.10251e-06 1.05671e-05 2.90431e-05
9.58008e-09 6.10308e-06 1.05676e-05 2.90435e-05
9.59473e-09 6.10373e-06 1.05683e-05 2.90442e-05
9.60937e-09 6.10447e-06 1.0569e-05 2.90452e-05
9.62402e-09 6.1053e-06 1.05698e-05 2.90466e-05
9.63867e-09 6.10621e-06 1.05706e-05 2.90483e-05
9.65332e-09 6.10721e-06 1.05716e-05 2.90503e-05
9.66797e-09 6.10828e-06 1.05726e-05 2.90527e-05
9.68262e-09 6.10943e-06 1.05737e-05 2.90554e-05
9.69727e-09 6.11065e-06 1.05749e-05 2.90584e-05
9.71191e-09 6.11194e-06 1.05762e-05 2.90618e-05
9.72656e-09 6.1133e-06 1.05775e-05 2.90654e-05
9.74121e-09 6.11472e-06 1.05789e-05 2.90693e-05
9.75586e-09 6.1162e-06 1.05803e-05 2.90736e-05
9.77051e-09 6.11774e-06 1.05818e-05 2.9078e-05
9.78516e-09 6.11933e-06 1.05834e-05 2.90827e-05
9.7998e-09 6.12097e-06 1.0585e-05 2.90877e-05
9.81445e-09 6.12265e-06 1.05866e-05 2.90929e-05
9.8291e-09 6.12438e-06 1.05883e-05 2.90982e-05
9.84375e-09 6.12614e-06 1.059e-05 2.91038e-05
9.8584e-09 6.12793e-06 1.05918e-05 2.91095e-05
9.87305e-09 6.12976e-06 1.05936e-05 2.91154e-05
9.8877e-09 6.13161e-06 1.05954e-05 2.91215e-05
9.90234e-09 6.13347e-06 1.05972e-05 2.91276e-05
9.91699e-09 6.13536e-06 1.05991e-05 2.91339e-05
9.93164e-09 6.13725e-06 1.06009e-05 2.91403e-05
9.94629e-09 6.13916e-06 1.06028e-05 2.91467e-05
9.96094e-09 6.14106e-06 1.06047e-05 2.91532e-05
9.97559e-09 6.14297e-06 1.06065e-05 2.91597e-05
9.99023e-09 6.14486e-06 1.06084e-05 2.91663e-05
1.00049e-08 6.14675e-06 1.06102e-05 2.91728e-05
1.00195e-08 6.14863e-06 1.06121e-05 2.91794e-05
1.00342e-08 6.15048e-06 1.06139e-05 2.91859e-05
1.00488e-08 6.15231e-06 1.06157e-05 2.91923e-05
1.00635e-08 6.15411e-06 1.06175e-05 2.91987e-05
1.00781e-08 6.15589e-06 1.06192e-05 2.9205e-05
1.00928e-08 6.15762e-06 1.06209e-05 2.92112e-05
1.01074e-08 6.15932e-06 1.06226e-05 2.92173e-05
1.01221e-08 6.16097e-06 1.06242e-05 2.92232e-05
1.01367e-08 6.16258e-06 1.06257e-05 2.9229e-05
1.01514e-08 6.16413e-06 1.06273e-05 2.92347e-05
1.0166e-08 6.16563e-06 1.06287e-05 2.92401e-05
1.01807e-08 6.16707e-06 1.06301e-05 2.92454e-05
1.01953e-08 6.16845e-06 1.06315e-05 2.92504e-05
1.021e-08 6.16976e-06 1.06327e-05 2.92552e-05
1.02246e-08 6.17101e-06 1.0634e-05 2.92597e-05
1.02393e-08 6.17218e-06 1.06351e-05 2.9264e-05
1.02539e-08 6.17328e-06 1.06362e-05 2.92681e-05
1.02686e-08 6.1743e-06 1.06371e-05 2.92718e-05
1.02832e-08 6.17524e-06 1.0638e-05 2.92753e-05
1.02979e-08 6.1761e-06 1.06389e-05 2.92784e-05
1.03125e-08 6.17687e-06 1.06396e-05 2.92813e-05
1.03271e-08 6.17755e-06 1.06403e-05 2.92838e-05
1.03418e-08 6.17815e-06 1.06408e-05 2.9286e-05
1.03564e-08 6.17866e-06 1.06413e-05 2.92878e-05
1.03711e-08 6.17907e-06 1.06417e-05 2.92892e-05
1.03857e-08 6.17939e-06 1.0642e-05 2.92904e-05
1.04004e-08 6.17961e-06 1.06421e-05 2.92911e-05
1.0415e-08 6.17974e-06 1.06422e-05 2.92915e-05
1.04297e-08 6.17977e-06 1.06422e-05 2.92915e-05
1.04443e-08 6.17984e-06 1.06423e-05 2.92919e-05
1.0459e-08 6.18e-06 1.06425e-05 2.92927e-05
1.04736e-08 6.18027e-06 1.06428e-05 2.92938e-05
1.04883e-08 6.18063e-06 1.06432e-05 2.92954e-05
1.05029e-08 6.1811e-06 1.06437e-05 2.92974e-05
1.05176e-08 6.18166e-06 1.06443e-05 2.92998e-05
1.05322e-08 6.18232e-06 1.0645e-05 2.93026e-05
1.05469e-08 6.18308e-06 1.06458e-05 2.93057e-05
1.05615e-08 6.18393e-06 1.06467e-05 2.93093e-05
1.05762e-08 6.18489e-06 1.06477e-05 2.93132e-05
1.05908e-08 6.18593e-06 1.06488e-05 2.93176e-05
1.06055e-08 6.18707e-06 1.065e-05 2.93223e-05
1.06201e-08 6.1883e-06 1.06512e-05 2.93275e-05
1.06348e-08 6.18962e-06 1.06526e-05 2.93329e-05
1.06494e-08 6.19103e-06 1.0654e-05 2.93388e-05
1.06641e-08 6.19253e-06 1.06555e-05 2.9345e-05
1.06787e-08 6.19411e-06 1.06572e-05 2.93516e-05
1.06934e-08 6.19577e-06 1.06589e-05 2.93586e-05
1.0708e-08 6.19751e-06 1.06606e-05 2.93659e-05
1.07227e-08 6.19933e-06 1.06625e-05 2.93735e-05
1.07373e-08 6.20122e-06 1.06644e-05 2.93814e-05
1.0752e-08 6.20318e-06 1.06664e-05 2.93897e-05
1.07666e-08 6.2052e-06 1.06685e-05 2.93982e-05
1.07812e-08 6.20735e-06 1.0669e-05 2.94086e-05
1.07959e-08 6.21078e-06 1.0671e-05 2.94214e-05
1.08105e-08 6.2154e-06 1.06742e-05 2.94362e-05
1.08252e-08 6.22111e-06 1.06785e-05 2.94529e-05
1.08398e-08 6.22783e-06 1.06839e-05 2.9471e-05
1.08545e-08 6.23545e-06 1.06902e-05 2.94904e-05
1.08691e-08 6.24391e-06 1.06975e-05 2.95107e-05
1.08838e-08 6.25313e-06 1.07056e-05 2.95317e-05
1.08984e-08 6.26304e-06 1.07145e-05 2.95531e-05
1.09131e-08 6.27358e-06 1.0724e-05 2.95749e-05
1.09277e-08 6.2847e-06 1.07343e-05 2.95968e-05
1.09424e-08 6.29635e-06 1.07451e-05 2.96187e-05
1.0957e-08 6.3085e-06 1.07565e-05 2.96405e-05
1.09717e-08 6.32112e-06 1.07685e-05 2.96621e-05
1.09863e-08 6.33419e-06 1.0781e-05 2.96834e-05
1.1001e-08 6.34769e-06 1.0794e-05 2.97044e-05
1.10156e-08 6.36163e-06 1.08075e-05 2.97252e-05
1.10303e-08 6.37601e-06 1.08216e-05 2.97456e-05
1.10449e-08 6.39084e-06 1.08362e-05 2.97659e-05
1.10596e-08 6.40615e-06 1.08513e-05 2.97861e-05
1.10742e-08 6.42197e-06 1.08671e-05 2.98063e-05
1.10889e-08 6.43832e-06 1.08835e-05 2.98265e-05
1.11035e-08 6.45527e-06 1.09006e-05 2.98471e-05
1.11182e-08 6.47285e-06 1.09184e-05 2.98682e-05
1.11328e-08 6.49113e-06 1.09369e-05 2.98899e-05
1.11475e-08 6.51017e-06 1.09564e-05 2.99126e-05
1.11621e-08 6.53003e-06 1.09767e-05 2.99364e-05
1.11768e-08 6.55081e-06 1.0998e-05 2.99616e-05
1.11914e-08 6.57256e-06 1.10204e-05 2.99886e-05
1.12061e-08 6.59538e-06 1.1044e-05 3.00176e-05
1.12207e-08 6.61935e-06 1.10687e-05 3.0049e-05
1.12354e-08 6.64456e-06 1.10948e-05 3.0083e-05
1.125e-08 6.67109e-06 1.11223e-05 3.012e-05
1.12646e-08 6.69903e-06 1.11513e-05 3.01604e-05
1.12793e-08 6.72848e-06 1.11818e-05 3.02045e-05
1.12939e-08 6.75952e-06 1.1214e-05 3.02526e-05
1.13086e-08 6.79224e-06 1.1248e-05 3.03052e-05
1.13232e-08 6.82673e-06 1.12838e-05 3.03625e-05
1.13379e-08 6.86305e-06 1.13215e-05 3.04249e-05
1.13525e-08 6.90129e-06 1.13612e-05 3.04928e-05
1.13672e-08 6.94153e-06 1.14029e-05 3.05664e-05
1.13818e-08 7.32584e-06 1.18976e-05 3.14477e-05
1.13965e-08 7.49099e-06 1.20797e-05 3.25369e-05
1.14111e-08 7.54001e-06 1.21311e-05 3.33226e-05
1.14258e-08 7.5524e-06 1.21437e-05 3.38265e-05
1.14404e-08 7.55493e-06 1.21461e-05 3.41371e-05
1.14551e-08 7.55504e-06 1.21462e-05 3.43254e-05
1.14697e-08 7.55544e-06 1.21468e-05 3.44384e-05
1.14844e-08 7.55588e-06 1.21475e-05 3.45055e-05
1.1499e-08 7.55626e-06 1.21481e-05 3.45449e-05
1.15137e-08 7.55655e-06 1.21486e-05 3.45676e-05
1.15283e-08 7.55673e-06 1.2149e-05 3.45804e-05
1.1543e-08 7.55682e-06 1.21493e-05 3.45872e-05
1.15576e-08 7.55683e-06 1.21495e-05 3.45905e-05
1.15723e-08 7.55694e-06 1.21496e-05 3.4592e-05
1.15869e-08 7.55715e-06 1.21497e-05 3.45924e-05
1.16016e-08 7.55746e-06 1.21497e-05 3.45924e-05
1.16162e-08 7.55786e-06 1.21499e-05 3.45926e-05
1.16309e-08 7.55836e-06 1.21502e-05 3.45926e-05
1.16455e-08 7.55896e-06 1.21506e-05 3.45928e-05
1.16602e-08 7.55965e-06 1.2151e-05 3.45932e-05
1.16748e-08 7.56043e-06 1.21516e-05 3.45939e-05
1.16895e-08 7.5613e-06 1.21522e-05 3.4595e-05
1.17041e-08 7.56225e-06 1.2153e-05 3.45964e-05
1.17187e-08 7.5633e-06 1.21538e-05 3.45982e-05
1.17334e-08 7.56443e-06 1.21547e-05 3.46004e-05
1.1748e-08 7.56563e-06 1.21557e-05 3.46028e-05
1.17627e-08 7.56692e-06 1.21568e-05 3.46056e-05
1.17773e-08 7.56828e-06 1.21579e-05 3.46088e-05
1.1792e-08 7.56972e-06 1.21591e-05 3.46123e-05
1.18066e-08 7.57122e-06 1.21604e-05 3.4616e-05
1.18213e-08 7.57279e-06 1.21618e-05 3.46201e-05
1.18359e-08 7.57442e-06 1.21632e-05 3.46245e-05
1.18506e-08 7.57612e-06 1.21646e-05 3.46291e-05
1.18652e-08 7.57786e-06 1.21662e-05 3.4634e-05
1.18799e-08 7.57966e-06 1.21678e-05 3.46392e-05
1.18945e-08 7.58151e-06 1.21694e-05 3.46446e-05
1.19092e-08 7.58341e-06 1.21711e-05 3.46502e-05
1.19238e-08 7.58534e-06 1.21728e-05 3.4656e-05
1.19385e-08 7.58731e-06 1.21745e-05 3.4662e-05
1.19531e-08 7.58932e-06 1.21763e-05 3.46681e-05
1.19678e-08 7.59135e-06 1.21781e-05 3.46745e-05
1.19824e-08 7.5934e-06 1.218e-05 3.46809e-05
1.19971e-08 7.59548e-06 1.21818e-05 3.46875e-05
1.20117e-08 7.59757e-06 1.21837e-05 3.46942e-05
1.20264e-08 7.59967e-06 1.21856e-05 3.4701e-05
1.2041e-08 7.60178e-06 1.21875e-05 3.47078e-05
1.20557e-08 7.60389e-06 1.21894e-05 3.47148e-05
1.20703e-08 7.606e-06 1.21913e-05 3.47217e-05
1.2085e-08 7.60811e-06 1.21932e-05 3.47287e-05
1.20996e-08 7.6102e-06 1.21951e-05 3.47357e-05
1.21143e-08 7.61228e-06 1.21969e-05 3.47426e-05
1.21289e-08 7.61433e-06 1.21988e-05 3.47495e-05
1.21436e-08 7.61637e-06 1.22006e-05 3.47564e-05
1.21582e-08 7.61837e-06 1.22024e-05 3.47632e-05
1.21729e-08 7.62035e-06 1.22042e-05 3.47699e-05
1.21875e-08 7.62229e-06 1.22059e-05 3.47765e-05
1.22021e-08 7.62419e-06 1.22076e-05 3.4783e-05
1.22168e-08 7.62604e-06 1.22092e-05 3.47894e-05
1.22314e-08 7.62785e-06 1.22108e-05 3.47956e-05
1.22461e-08 7.6296e-06 1.22124e-05 3.48016e-05
1.22607e-08 7.6313e-06 1.22139e-05 3.48075e-05
1.22754e-08 7.63294e-06 1.22153e-05 3.48131e-05
1.229e-08 7.63452e-06 1.22167e-05 3.48186e-05
1.23047e-08 7.63603e-06 1.2218e-05 3.48238e-05
1.23193e-08 7.63747e-06 1.22192e-05 3.48288e-05
1.2334e-08 7.63885e-06 1.22204e-05 3.48335e-05
1.23486e-08 7.64014e-06 1.22215e-05 3.48379e-05
1.23633e-08 7.64136e-06 1.22225e-05 3.48421e-05
1.23779e-08 7.6425e-06 1.22234e-05 3.48459e-05
1.23926e-08 7.64355e-06 1.22242e-05 3.48495e-05
1.24072e-08 7.64452e-06 1.2225e-05 3.48527e-05
1.24219e-08 7.6454e-06 1.22257e-05 3.48556e-05
1.24365e-08 7.6462e-06 1.22263e-05 3.48582e-05
1.24512e-08 7.6469e-06 1.22268e-05 3.48604e-05
1.24658e-08 7.64751e-06 1.22272e-05 3.48623e-05
1.24805e-08 7.64802e-06 1.22275e-05 3.48638e-05
1.24951e-08 7.64844e-06 1.22277e-05 3.48649e-05
1.25098e-08 7.64876e-06 1.22278e-05 3.48657e-05
1.25244e-08 7.64898e-06 1.22278e-05 3.4866e-05
1.25391e-08 7.64911e-06 1.22279e-05 3.4866e-05
1.25537e-08 7.64914e-06 1.22281e-05 3.48664e-05
1.25684e-08 7.64921e-06 1.22284e-05 3.48672e-05
1.2583e-08 7.64938e-06 1.22287e-05 3.48684e-05
1.25977e-08 7.64965e-06 1.22292e-05 3.487e-05
1.26123e-08 7.65002e-06 1.22298e-05 3.4872e-05
1.2627e-08 7.65049e-06 1.22305e-05 3.48744e-05
1.26416e-08 7.65106e-06 1.22312e-05 3.48772e-05
1.26562e-08 7.65172e-06 1.22321e-05 3.48803e-05
1.26709e-08 7.65248e-06 1.2233e-05 3.48839e-05
1.26855e-08 7.65334e-06 1.22341e-05 3.48879e-05
1.27002e-08 7.65428e-06 1.22352e-05 3.48922e-05
1.27148e-08 7.65533e-06 1.22365e-05 3.48969e-05
1.27295e-08 7.65646e-06 1.22378e-05 3.49021e-05
1.27441e-08 7.65768e-06 1.22392e-05 3.49075e-05
1.27588e-08 7.65898e-06 1.22407e-05 3.49134e-05
1.27734e-08 7.66037e-06 1.22423e-05 3.49196e-05
1.27881e-08 7.66184e-06 1.2244e-05 3.49262e-05
1.28027e-08 7.66339e-06 1.22458e-05 3.4933e-05
1.28174e-08 7.66502e-06 1.22476e-05 3.49403e-05
1.2832e-08 7.66672e-06 1.22495e-05 3.49478e-05
1.28467e-08 7.66849e-06 1.22514e-05 3.49557e-05
1.28613e-08 7.67033e-06 1.22535e-05 3.49639e-05
1.2876e-08 7.67708e-06 1.22757e-05 3.49966e-05
1.28906e-08 7.68284e-06 1.22966e-05 3.50312e-05
1.29053e-08 7.68767e-06 1.23163e-05 3.50672e-05
1.29199e-08 7.69166e-06 1.23347e-05 3.51042e-05
1.29346e-08 7.69489e-06 1.23519e-05 3.51419e-05
1.29492e-08 7.69741e-06 1.2368e-05 3.518e-05
1.29639e-08 7.69928e-06 1.23829e-05 3.52183e-05
1.29785e-08 7.70056e-06 1.23968e-05 3.52563e-05
1.29932e-08 7.70128e-06 1.24096e-05 3.52939e-05
1.30078e-08 7.7015e-06 1.24213e-05 3.53308e-05
1.30225e-08 7.70177e-06 1.24319e-05 3.53669e-05
1.30371e-08 7.70251e-06 1.24415e-05 3.54019e-05
1.30518e-08 7.7037e-06 1.245e-05 3.54358e-05
1.30664e-08 7.70534e-06 1.24574e-05 3.54684e-05
1.30811e-08 7.70744e-06 1.24636e-05 3.54997e-05
1.30957e-08 7.71e-06 1.24688e-05 3.55296e-05
1.31104e-08 7.71305e-06 1.24727e-05 3.55581e-05
1.3125e-08 7.71662e-06 1.24754e-05 3.55852e-05
1.31396e-08 7.72075e-06 1.24768e-05 3.56109e-05
1.31543e-08 7.72548e-06 1.24769e-05 3.56354e-05
1.31689e-08 7.73087e-06 1.24782e-05 3.56587e-05
1.31836e-08 7.73697e-06 1.2481e-05 3.5681e-05
1.31982e-08 7.74386e-06 1.24854e-05 3.57023e-05
1.32129e-08 7.75161e-06 1.24914e-05 3.5723e-05
1.32275e-08 7.76031e-06 1.24991e-05 3.57433e-05
1.32422e-08 7.77003e-06 1.25087e-05 3.57632e-05
1.32568e-08 7.78087e-06 1.25201e-05 3.57832e-05
1.32715e-08 7.79292e-06 1.25335e-05 3.58036e-05
1.32861e-08 7.80628e-06 1.2549e-05 3.58245e-05
1.33008e-08 7.82106e-06 1.25667e-05 3.58463e-05
1.33154e-08 7.83735e-06 1.25866e-05 3.58694e-05
1.33301e-08 7.85526e-06 1.2609e-05 3.58941e-05
1.33447e-08 7.87491e-06 1.26338e-05 3.59208e-05
1.33594e-08 7.89638e-06 1.26612e-05 3.59498e-05
1.3374e-08 7.9198e-06 1.26912e-05 3.59816e-05
1.33887e-08 7.94525e-06 1.2724e-05 3.60164e-05
1.34033e-08 7.97285e-06 1.27597e-05 3.60547e-05
1.3418e-08 8.00268e-06 1.27982e-05 3.60969e-05
1.34326e-08 8.03485e-06 1.28397e-05 3.61434e-05
1.34473e-08 8.06942e-06 1.28843e-05 3.61945e-05
1.34619e-08 8.1065e-06 1.2932e-05 3.62505e-05
1.34766e-08 8.40212e-06 1.37836e-05 3.68104e-05
1.34912e-08 8.59946e-06 1.40659e-05 3.72661e-05
1.35059e-08 8.66372e-06 1.41422e-05 3.77227e-05
1.35205e-08 8.68059e-06 1.41598e-05 3.80397e-05
1.35352e-08 8.68409e-06 1.41622e-05 3.82401e-05
1.35498e-08 8.6842e-06 1.41634e-05 3.83626e-05
1.35645e-08 8.68484e-06 1.41654e-05 3.84362e-05
1.35791e-08 8.68559e-06 1.41675e-05 3.848e-05
1.35937e-08 8.68629e-06 1.41696e-05 3.85058e-05
1.36084e-08 8.68689e-06 1.41715e-05 3.85207e-05
1.3623e-08 8.6874e-06 1.41734e-05 3.85291e-05
1.36377e-08 8.68781e-06 1.41752e-05 3.85338e-05
1.36523e-08 8.68812e-06 1.41768e-05 3.85364e-05
1.3667e-08 8.68833e-06 1.41784e-05 3.85379e-05
1.36816e-08 8.68844e-06 1.41798e-05 3.85388e-05
1.36963e-08 8.68846e-06 1.41812e-05 3.85396e-05
1.37109e-08 8.68854e-06 1.41824e-05 3.85404e-05
1.37256e-08 8.68872e-06 1.41836e-05 3.85415e-05
1.37402e-08 8.689e-06 1.41847e-05 3.85428e-05
1.37549e-08 8.68937e-06 1.41856e-05 3.85444e-05
1.37695e-08 8.68983e-06 1.41865e-05 3.85463e-05
1.37842e-08 8.69039e-06 1.41873e-05 3.85486e-05
1.37988e-08 8.69103e-06 1.41879e-05 3.85513e-05
1.38135e-08 8.69176e-06 1.41885e-05 3.85543e-05
1.38281e-08 8.69257e-06 1.41891e-05 3.85576e-05
1.38428e-08 8.69346e-06 1.41895e-05 3.85613e-05
1.38574e-08 8.69443e-06 1.41898e-05 3.85654e-05
1.38721e-08 8.69548e-06 1.41901e-05 3.85697e-05
1.38867e-08 8.6966e-06 1.41903e-05 3.85744e-05
1.39014e-08 8.69779e-06 1.41904e-05 3.85794e-05
1.3916e-08 8.69905e-06 1.41905e-05 3.85847e-05
1.39307e-08 8.70037e-06 1.41905e-05 3.85903e-05
1.39453e-08 8.70175e-06 1.41906e-05 3.85962e-05
1.396e-08 8.70319e-06 1.41907e-05 3.86023e-05
1.39746e-08 8.70468e-06 1.41909e-05 3.86087e-05
1.39893e-08 8.70622e-06 1.41911e-05 3.86153e-05
1.40039e-08 8.7078e-06 1.41914e-05 3.86221e-05
1.40186e-08 8.70942e-06 1.41917e-05 3.86291e-05
1.40332e-08 8.71108e-06 1.41921e-05 3.86363e-05
1.40479e-08 8.71278e-06 1.41925e-05 3.86437e-05
1.40625e-08 8.7145e-06 1.41929e-05 3.86512e-05
1.40771e-08 8.71625e-06 1.41934e-05 3.86588e-05
1.40918e-08 8.71801e-06 1.41938e-05 3.86666e-05
1.41064e-08 8.7198e-06 1.41943e-05 3.86745e-05
1.41211e-08 8.72159e-06 1.41948e-05 3.86825e-05
1.41357e-08 8.72339e-06 1.41954e-05 3.86906e-05
1.41504e-08 8.7252e-06 1.41959e-05 3.86987e-05
1.4165e-08 8.727e-06 1.41964e-05 3.87068e-05
1.41797e-08 8.7288e-06 1.41969e-05 3.87149e-05
1.41943e-08 8.73058e-06 1.41974e-05 3.87231e-05
1.4209e-08 8.73235e-06 1.41979e-05 3.87312e-05
1.42236e-08 8.73411e-06 1.41984e-05 3.87393e-05
1.42383e-08 8.73584e-06 1.41989e-05 3.87474e-05
1.42529e-08 8.73754e-06 1.41993e-05 3.87554e-05
1.42676e-08 8.73921e-06 1.41997e-05 3.87632e-05
1.42822e-08 8.74084e-06 1.42001e-05 3.8771e-05
1.42969e-08 8.74244e-06 1.42004e-05 3.87787e-05
1.43115e-08 8.74399e-06 1.42007e-05 3.87862e-05
1.43262e-08 8.74549e-06 1.4201e-05 3.87936e-05
1.43408e-08 8.74695e-06 1.42011e-05 3.88008e-05
1.43555e-08 8.74834e-06 1.42013e-05 3.88078e-05
1.43701e-08 8.74968e-06 1.42014e-05 3.88146e-05
1.43848e-08 8.75096e-06 1.42014e-05 3.88212e-05
1.43994e-08 8.75217e-06 1.42014e-05 3.88276e-05
1.44141e-08 8.75331e-06 1.42015e-05 3.88337e-05
1.44287e-08 8.75438e-06 1.42017e-05 3.88395e-05
1.44434e-08 8.75538e-06 1.4202e-05 3.88451e-05
1.4458e-08 8.7563e-06 1.42023e-05 3.88504e-05
1.44727e-08 8.75713e-06 1.42027e-05 3.88554e-05
1.44873e-08 8.75789e-06 1.42032e-05 3.88601e-05
1.4502e-08 8.75856e-06 1.42037e-05 3.88645e-05
1.45166e-08 8.75915e-06 1.42044e-05 3.88685e-05
1.45312e-08 8.75964e-06 1.42051e-05 3.88722e-05
1.45459e-08 8.76004e-06 1.4206e-05 3.88756e-05
1.45605e-08 8.76036e-06 1.42069e-05 3.88786e-05
1.45752e-08 8.76057e-06 1.42079e-05 3.88812e-05
1.45898e-08 8.7607e-06 1.4209e-05 3.88835e-05
1.46045e-08 8.76072e-06 1.42102e-05 3.88853e-05
1.46191e-08 8.76079e-06 1.42115e-05 3.88868e-05
1.46338e-08 8.76096e-06 1.42129e-05 3.88879e-05
1.46484e-08 8.76123e-06 1.42144e-05 3.88887e-05
1.46631e-08 8.7616e-06 1.42159e-05 3.8889e-05
1.46777e-08 8.76206e-06 1.42176e-05 3.88891e-05
1.46924e-08 8.76262e-06 1.42194e-05 3.88895e-05
1.4707e-08 8.76329e-06 1.42213e-05 3.88904e-05
1.47217e-08 8.76405e-06 1.42233e-05 3.88917e-05
1.47363e-08 8.76491e-06 1.42253e-05 3.88934e-05
1.4751e-08 8.76586e-06 1.42275e-05 3.88954e-05
1.47656e-08 8.76691e-06 1.42297e-05 3.88979e-05
1.47803e-08 8.76806e-06 1.42321e-05 3.89007e-05
1.47949e-08 8.7693e-06 1.42345e-05 3.8904e-05
1.48096e-08 8.77063e-06 1.42371e-05 3.89076e-05
1.48242e-08 8.77205e-06 1.42397e-05 3.89116e-05
1.48389e-08 8.77356e-06 1.42424e-05 3.8916e-05
1.48535e-08 8.77515e-06 1.42452e-05 3.89208e-05
1.48682e-08 8.77683e-06 1.4248e-05 3.89259e-05
1.48828e-08 8.77859e-06 1.4251e-05 3.89313e-05
1.48975e-08 8.78042e-06 1.4254e-05 3.89371e-05
1.49121e-08 8.78234e-06 1.42571e-05 3.89433e-05
1.49268e-08 8.78433e-06 1.42603e-05 3.89497e-05
1.49414e-08 8.78638e-06 1.42635e-05 3.89565e-05
1.49561e-08 8.78851e-06 1.42668e-05 3.89636e-05
1.49707e-08 8.7925e-06 1.42815e-05 3.8989e-05
1.49854e-08 8.79508e-06 1.4293e-05 3.90146e-05
