0 0 0 0
1.46484e-11 8.39015e-11 8.39015e-11 8.98243e-11
2.92969e-11 3.34307e-10 3.34307e-10 7.02466e-10
4.39453e-11 7.49499e-10 7.49499e-10 1.8348e-09
5.85937e-11 1.32663e-09 1.32663e-09 3.48055e-09
7.32422e-11 2.06172e-09 2.06172e-09 5.63036e-09
8.78906e-11 2.94969e-09 2.94969e-09 8.27175e-09
1.02539e-10 3.98439e-09 3.98439e-09 1.13892e-08
1.17187e-10 5.15861e-09 5.15861e-09 1.49644e-08
1.31836e-10 6.46411e-09 6.46411e-09 1.89759e-08
1.46484e-10 7.89166e-09 7.89166e-09 2.33996e-08
1.61133e-10 9.43109e-09 9.43109e-09 2.82086e-08
1.75781e-10 1.10713e-08 1.10713e-08 3.33736e-08
1.9043e-10 1.28005e-08 1.28005e-08 3.88625e-08
2.05078e-10 1.46057e-08 1.46057e-08 4.46413e-08
2.19727e-10 1.64737e-08 1.64737e-08 5.06733e-08
2.34375e-10 1.83902e-08 1.83902e-08 5.69202e-08
2.49023e-10 2.03404e-08 2.03404e-08 6.33415e-08
2.63672e-10 2.23091e-08 2.23091e-08 6.98951e-08
2.7832e-10 2.42803e-08 2.42803e-08 7.65373e-08
2.92969e-10 2.62379e-08 2.62379e-08 8.32232e-08
3.07617e-10 2.81653e-08 2.81653e-08 8.99066e-08
3.22266e-10 3.00457e-08 3.00457e-08 9.65403e-08
3.36914e-10 3.1862e-08 3.1862e-08 1.03076e-07
3.51562e-10 3.35971e-08 3.35971e-08 1.09466e-07
3.66211e-10 3.52339e-08 3.52339e-08 1.15661e-07
3.80859e-10 3.67553e-08 3.67553e-08 1.21613e-07
3.95508e-10 3.81443e-08 3.81443e-08 1.27271e-07
4.10156e-10 3.93841e-08 3.93841e-08 1.32588e-07
4.24805e-10 4.04585e-08 4.04585e-08 1.37515e-07
4.39453e-10 4.13512e-08 4.13512e-08 1.42005e-07
4.54102e-10 4.20468e-08 4.20468e-08 1.46012e-07
4.6875e-10 4.25302e-08 4.25302e-08 1.49491e-07
4.83398e-10 4.27871e-08 4.27871e-08 1.52397e-07
4.98047e-10 4.28036e-08 4.28036e-08 1.54688e-07
5.12695e-10 4.25671e-08 4.25671e-08 1.56324e-07
5.27344e-10 4.20653e-08 4.20653e-08 1.57266e-07
5.41992e-10 4.12872e-08 4.12872e-08 1.57478e-07
5.56641e-10 4.02226e-08 4.02226e-08 1.56927e-07
5.71289e-10 3.88625e-08 3.88625e-08 1.5558e-07
5.85937e-10 3.71989e-08 3.71989e-08 1.53409e-07
6.00586e-10 3.52252e-08 3.52252e-08 1.50389e-07
6.15234e-10 3.29357e-08 3.29357e-08 1.46496e-07
6.29883e-10 3.03263e-08 3.03263e-08 1.41713e-07
6.44531e-10 2.73941e-08 2.73941e-08 1.36022e-07
6.5918e-10 2.41376e-08 2.41376e-08 1.29411e-07
6.73828e-10 2.05566e-08 2.05566e-08 1.21872e-07
6.88477e-10 1.66526e-08 1.66526e-08 1.13398e-07
7.03125e-10 1.24284e-08 1.24284e-08 1.0399e-07
7.17773e-10 7.88826e-09 7.88826e-09 9.36489e-08
7.32422e-10 3.03812e-09 3.03812e-09 8.23817e-08
7.4707e-10 2.11466e-09 2.11466e-09 7.01991e-08
7.61719e-10 7.56116e-09 7.56116e-09 5.71155e-08
7.76367e-10 1.32909e-08 1.32909e-08 4.31498e-08
7.91016e-10 1.9292e-08 1.9292e-08 2.83245e-08
8.05664e-10 2.55508e-08 2.55508e-08 1.26667e-08
8.20312e-10 3.20525e-08 3.20525e-08 3.79268e-09
8.34961e-10 3.87804e-08 3.87804e-08 2.10187e-08
8.49609e-10 4.57167e-08 4.57167e-08 3.89725e-08
8.64258e-10 5.2842e-08 5.2842e-08 5.76109e-08
8.78906e-10 6.01357e-08 6.01357e-08 7.68874e-08
8.93555e-10 6.75755e-08 6.75755e-08 9.67513e-08
9.08203e-10 7.51383e-08 7.51383e-08 1.17149e-07
9.22852e-10 8.27995e-08 8.27995e-08 1.38021e-07
9.375e-10 9.05334e-08 9.05334e-08 1.59309e-07
9.52148e-10 9.83131e-08 9.83131e-08 1.80946e-07
9.66797e-10 1.06111e-07 1.06111e-07 2.02866e-07
9.81445e-10 1.13898e-07 1.13898e-07 2.24998e-07
9.96094e-10 1.21645e-07 1.21645e-07 2.4727e-07
1.01074e-09 1.29321e-07 1.29321e-07 2.69606e-07
1.02539e-09 4.20246e-07 1.93698e-06 2.36581e-06
1.04004e-09 5.42623e-07 9.04403e-07 1.73927e-06
1.05469e-09 2.21863e-07 2.74469e-07 1.77718e-06
1.06934e-09 6.52552e-08 6.99623e-08 1.24142e-06
1.08398e-09 1.67203e-08 1.40108e-08 7.88947e-07
1.09863e-09 3.74102e-09 1.1248e-10 4.85334e-07
1.11328e-09 5.52358e-10 3.47338e-09 2.94501e-07
1.12793e-09 1.45256e-10 4.19266e-09 1.77256e-07
1.14258e-09 2.35809e-10 4.28155e-09 1.05864e-07
1.15723e-09 1.82734e-10 4.22321e-09 6.2584e-08
1.17187e-09 9.70008e-11 4.13166e-09 3.64358e-08
1.18652e-09 4.83615e-12 4.0336e-09 2.07045e-08
1.20117e-09 8.75228e-11 3.93534e-09 1.13009e-08
1.21582e-09 1.78501e-10 3.83847e-09 5.73854e-09
1.23047e-09 2.67602e-10 3.74348e-09 2.50645e-09
1.24512e-09 3.54584e-10 3.65062e-09 6.86552e-10
1.25977e-09 4.39265e-10 3.56007e-09 2.79072e-10
1.27441e-09 5.21473e-10 3.472e-09 7.2954e-10
1.28906e-09 6.01062e-10 3.38656e-09 8.71076e-10
1.30371e-09 6.77876e-10 3.30391e-09 8.29182e-10
1.31836e-09 7.51768e-10 3.22418e-09 6.80322e-10
1.33301e-09 8.22598e-10 3.14752e-09 4.71166e-10
1.34766e-09 8.90232e-10 3.07407e-09 2.30284e-10
1.3623e-09 9.54541e-10 3.00395e-09 2.47606e-11
1.37695e-09 1.0154e-09 2.93729e-09 2.83097e-10
1.3916e-09 1.0727e-09 2.8742e-09 5.37932e-10
1.40625e-09 1.12634e-09 2.81479e-09 7.84956e-10
1.4209e-09 1.1762e-09 2.75915e-09 1.02138e-09
1.43555e-09 1.22219e-09 2.70739e-09 1.24536e-09
1.4502e-09 1.26424e-09 2.65958e-09 1.45561e-09
1.46484e-09 1.30225e-09 2.61582e-09 1.65122e-09
1.47949e-09 1.33616e-09 2.57617e-09 1.83153e-09
1.49414e-09 1.36591e-09 2.54069e-09 1.996e-09
1.50879e-09 1.39143e-09 2.50944e-09 2.14423e-09
1.52344e-09 1.41269e-09 2.48247e-09 2.27587e-09
1.53809e-09 1.42965e-09 2.45981e-09 2.39065e-09
1.55273e-09 1.44226e-09 2.44149e-09 2.48832e-09
1.56738e-09 1.45052e-09 2.42754e-09 2.56872e-09
1.58203e-09 1.45441e-09 2.41797e-09 2.63169e-09
1.59668e-09 1.45392e-09 2.41278e-09 2.67712e-09
1.61133e-09 1.44906e-09 2.41198e-09 2.70495e-09
1.62598e-09 1.43984e-09 2.41555e-09 2.71512e-09
1.64062e-09 1.42627e-09 2.42346e-09 2.70765e-09
1.65527e-09 1.40839e-09 2.4357e-09 2.68255e-09
1.66992e-09 1.38624e-09 2.45223e-09 2.6399e-09
1.68457e-09 1.35984e-09 2.47299e-09 2.5798e-09
1.69922e-09 1.32928e-09 2.49794e-09 2.50238e-09
1.71387e-09 1.29459e-09 2.52702e-09 2.40781e-09
1.72852e-09 1.25586e-09 2.56015e-09 2.29629e-09
1.74316e-09 1.21316e-09 2.59726e-09 2.16806e-09
1.75781e-09 1.16657e-09 2.63827e-09 2.02337e-09
1.77246e-09 1.11619e-09 2.68307e-09 1.86252e-09
1.78711e-09 1.06211e-09 2.73158e-09 1.68585e-09
1.80176e-09 1.00445e-09 2.78369e-09 1.49372e-09
1.81641e-09 9.43311e-10 2.83928e-09 1.2865e-09
1.83105e-09 8.78819e-10 2.89823e-09 1.06463e-09
1.8457e-09 8.111e-10 2.96041e-09 8.28537e-10
1.86035e-09 7.40293e-10 3.02569e-09 5.78709e-10
1.875e-09 6.66526e-10 3.09394e-09 3.1564e-10
1.88965e-09 5.89949e-10 3.16501e-09 3.98568e-11
1.9043e-09 5.10711e-10 3.23875e-09 2.4809e-10
1.91895e-09 4.28967e-10 3.31499e-09 5.47628e-10
1.93359e-09 3.44879e-10 3.3936e-09 8.5816e-10
1.94824e-09 2.5861e-10 3.47439e-09 1.17907e-09
1.96289e-09 1.7033e-10 3.5572e-09 1.50972e-09
1.97754e-09 8.02106e-11 3.64186e-09 1.84945e-09
1.99219e-09 1.15715e-11 3.72818e-09 2.19759e-09
2.00684e-09 1.04837e-10 3.816e-09 2.55346e-09
2.02148e-09 1.99404e-10 3.90513e-09 2.91634e-09
2.03613e-09 2.95086e-10 3.99539e-09 3.28551e-09
2.05078e-09 3.91699e-10 4.08658e-09 3.66026e-09
2.06543e-09 4.89051e-10 4.17852e-09 4.03983e-09
2.08008e-09 5.86955e-10 4.27101e-09 4.42347e-09
2.09473e-09 6.85217e-10 4.36388e-09 4.81044e-09
2.10937e-09 7.83647e-10 4.45692e-09 5.19996e-09
2.12402e-09 8.82051e-10 4.54994e-09 5.59126e-09
2.13867e-09 9.80239e-10 4.64275e-09 5.98357e-09
2.15332e-09 1.07802e-09 4.73517e-09 6.37612e-09
2.16797e-09 1.1752e-09 4.82699e-09 6.76813e-09
2.18262e-09 1.27159e-09 4.91802e-09 7.15883e-09
2.19727e-09 1.367e-09 5.00809e-09 7.54744e-09
2.21191e-09 1.46124e-09 5.097e-09 7.9332e-09
2.22656e-09 1.55414e-09 5.18458e-09 8.31535e-09
2.24121e-09 1.64551e-09 5.27063e-09 8.69312e-09
2.25586e-09 1.73517e-09 5.35498e-09 9.06578e-09
2.27051e-09 1.82295e-09 5.43745e-09 9.43259e-09
2.28516e-09 1.90867e-09 5.51787e-09 9.79282e-09
2.2998e-09 1.99217e-09 5.59608e-09 1.01458e-08
2.31445e-09 2.07328e-09 5.67191e-09 1.04907e-08
2.3291e-09 2.15185e-09 5.74521e-09 1.0827e-08
2.34375e-09 2.22772e-09 5.81581e-09 1.11539e-08
2.3584e-09 2.30074e-09 5.88357e-09 1.14709e-08
2.37305e-09 2.37076e-09 5.94835e-09 1.17772e-08
2.3877e-09 2.43766e-09 6.01e-09 1.20723e-08
2.40234e-09 2.5013e-09 6.06841e-09 1.23556e-08
2.41699e-09 2.56156e-09 6.12344e-09 1.26266e-08
2.43164e-09 2.61831e-09 6.17498e-09 1.28846e-08
2.44629e-09 2.67145e-09 6.22291e-09 1.31292e-08
2.46094e-09 2.72087e-09 6.26712e-09 1.33598e-08
2.47559e-09 2.76648e-09 6.30753e-09 1.35761e-08
2.49023e-09 2.80817e-09 6.34404e-09 1.37776e-08
2.50488e-09 2.84588e-09 6.37657e-09 1.39639e-08
2.51953e-09 2.87952e-09 6.40503e-09 1.41345e-08
2.53418e-09 2.90904e-09 6.42938e-09 1.42892e-08
2.54883e-09 2.93436e-09 6.44955e-09 1.44277e-08
2.56348e-09 2.95544e-09 6.46547e-09 1.45496e-08
2.57812e-09 2.97223e-09 6.47713e-09 1.46547e-08
2.59277e-09 2.98471e-09 6.48447e-09 1.47428e-08
2.60742e-09 2.99284e-09 6.48747e-09 1.48137e-08
2.62207e-09 2.99661e-09 6.48612e-09 1.48673e-08
2.63672e-09 2.996e-09 6.4804e-09 1.49034e-08
2.65137e-09 2.99102e-09 6.47032e-09 1.49219e-08
2.66602e-09 2.98168e-09 6.45588e-09 1.49228e-08
2.68066e-09 2.96799e-09 6.43709e-09 1.4906e-08
2.69531e-09 2.94997e-09 6.41399e-09 1.48717e-08
2.70996e-09 2.92766e-09 6.38661e-09 1.48198e-08
2.72461e-09 2.9011e-09 6.35498e-09 1.47504e-08
2.73926e-09 2.87034e-09 6.31915e-09 1.46637e-08
2.75391e-09 2.83543e-09 6.27919e-09 1.45597e-08
2.76855e-09 2.79644e-09 6.23516e-09 1.44387e-08
2.7832e-09 2.75344e-09 6.18712e-09 1.4301e-08
2.79785e-09 2.70653e-09 6.13517e-09 1.41466e-08
2.8125e-09 2.65577e-09 6.07939e-09 1.3976e-08
2.82715e-09 2.60127e-09 6.01988e-09 1.37894e-08
2.8418e-09 2.54314e-09 5.95674e-09 1.35872e-08
2.85645e-09 2.48148e-09 5.89008e-09 1.33697e-08
2.87109e-09 2.4164e-09 5.82001e-09 1.31374e-08
2.88574e-09 2.34805e-09 5.74666e-09 1.28907e-08
2.90039e-09 2.27654e-09 5.67017e-09 1.263e-08
2.91504e-09 2.20201e-09 5.59067e-09 1.23559e-08
2.92969e-09 2.12459e-09 5.50829e-09 1.20688e-08
2.94434e-09 2.04445e-09 5.42319e-09 1.17693e-08
2.95898e-09 1.96173e-09 5.33552e-09 1.1458e-08
2.97363e-09 1.87659e-09 5.24543e-09 1.11354e-08
2.98828e-09 1.78919e-09 5.15309e-09 1.08022e-08
3.00293e-09 1.69969e-09 5.05867e-09 1.04589e-08
3.01758e-09 1.60828e-09 4.96234e-09 1.01062e-08
3.03223e-09 1.51512e-09 4.86426e-09 9.74484e-09
3.04687e-09 1.42039e-09 4.76463e-09 9.37543e-09
3.06152e-09 1.32428e-09 4.66361e-09 8.99868e-09
3.07617e-09 1.22696e-09 4.5614e-09 8.61531e-09
3.09082e-09 1.12862e-09 4.45818e-09 8.22604e-09
3.10547e-09 1.02945e-09 4.35413e-09 7.8316e-09
3.12012e-09 9.29647e-10 4.24945e-09 7.43274e-09
3.13477e-09 8.29391e-10 4.14433e-09 7.03022e-09
3.14941e-09 7.28876e-10 4.03896e-09 6.6248e-09
3.16406e-09 6.28296e-10 3.93353e-09 6.21724e-09
3.17871e-09 5.27843e-10 3.82824e-09 5.80832e-09
3.19336e-09 4.27707e-10 3.72326e-09 5.39881e-09
3.20801e-09 3.28082e-10 3.61881e-09 4.98948e-09
3.22266e-09 2.29156e-10 3.51506e-09 4.58111e-09
3.2373e-09 1.3112e-10 3.41221e-09 4.17447e-09
3.25195e-09 3.41606e-11 3.31045e-09 3.77034e-09
3.2666e-09 6.15371e-11 3.20995e-09 3.36948e-09
3.28125e-09 1.5579e-10 3.1109e-09 2.97264e-09
3.2959e-09 2.48418e-10 3.01349e-09 2.58058e-09
3.31055e-09 3.39245e-10 2.91788e-09 2.19403e-09
3.3252e-09 4.28096e-10 2.82426e-09 1.81374e-09
3.33984e-09 5.14803e-10 2.73278e-09 1.44041e-09
3.35449e-09 5.992e-10 2.64363e-09 1.07476e-09
3.36914e-09 6.81125e-10 2.55695e-09 7.17473e-10
3.38379e-09 7.60422e-10 2.47291e-09 3.69225e-10
3.39844e-09 8.36941e-10 2.39165e-09 3.06735e-11
3.41309e-09 9.10535e-10 2.31333e-09 2.97543e-10
3.42773e-09 9.81065e-10 2.23808e-09 6.14806e-10
3.44238e-09 1.0484e-09 2.16603e-09 9.20519e-10
3.45703e-09 1.1124e-09 2.09731e-09 1.21411e-09
3.47168e-09 1.17295e-09 2.03206e-09 1.49501e-09
3.48633e-09 1.22994e-09 1.97037e-09 1.76272e-09
3.50098e-09 1.28326e-09 1.91236e-09 2.01672e-09
3.51562e-09 1.33281e-09 1.85814e-09 2.25653e-09
3.53027e-09 1.37848e-09 1.80779e-09 2.48172e-09
3.54492e-09 1.42021e-09 1.76139e-09 2.69185e-09
3.55957e-09 1.4579e-09 1.71904e-09 2.88655e-09
3.57422e-09 1.49149e-09 1.68079e-09 3.06544e-09
3.58887e-09 1.52092e-09 1.64672e-09 3.2282e-09
3.60352e-09 1.54612e-09 1.61687e-09 3.37453e-09
3.61816e-09 1.56706e-09 1.5913e-09 3.50416e-09
3.63281e-09 1.58369e-09 1.57004e-09 3.61686e-09
3.64746e-09 1.59599e-09 1.55312e-09 3.71242e-09
3.66211e-09 1.60392e-09 1.54057e-09 3.79067e-09
3.67676e-09 1.60749e-09 1.5324e-09 3.85148e-09
3.69141e-09 1.60668e-09 1.52861e-09 3.89474e-09
3.70605e-09 1.60149e-09 1.5292e-09 3.9204e-09
3.7207e-09 1.59195e-09 1.53416e-09 3.9284e-09
3.73535e-09 1.57806e-09 1.54347e-09 3.91875e-09
3.75e-09 1.55986e-09 1.55709e-09 3.89148e-09
3.76465e-09 1.53739e-09 1.575e-09 3.84667e-09
3.7793e-09 1.51068e-09 1.59714e-09 3.78441e-09
3.79395e-09 1.4798e-09 1.62347e-09 3.70483e-09
3.80859e-09 1.44481e-09 1.65392e-09 3.60812e-09
3.82324e-09 1.40577e-09 1.68842e-09 3.49445e-09
3.83789e-09 1.36276e-09 1.72689e-09 3.36408e-09
3.85254e-09 1.31586e-09 1.76926e-09 3.21727e-09
3.86719e-09 1.26517e-09 1.81543e-09 3.05431e-09
3.88184e-09 1.2108e-09 1.86529e-09 2.87554e-09
3.89648e-09 1.15283e-09 1.91875e-09 2.6813e-09
3.91113e-09 1.0914e-09 1.97568e-09 2.47201e-09
3.92578e-09 1.02662e-09 2.03597e-09 2.24806e-09
3.94043e-09 9.58609e-10 2.09949e-09 2.00992e-09
3.95508e-09 8.8751e-10 2.16611e-09 1.75805e-09
3.96973e-09 8.1346e-10 2.23568e-09 1.49295e-09
3.98437e-09 7.36603e-10 2.30807e-09 1.21515e-09
3.99902e-09 6.5709e-10 2.38312e-09 9.25208e-10
4.01367e-09 5.75075e-10 2.46068e-09 6.23687e-10
4.02832e-09 4.9072e-10 2.54059e-09 3.11189e-10
4.04297e-09 4.04188e-10 2.62268e-09 1.167e-11
4.05762e-09 3.15648e-10 2.70679e-09 3.44252e-10
4.07227e-09 2.25274e-10 2.79273e-09 6.85899e-10
4.08691e-09 1.33242e-10 2.88034e-09 1.03594e-09
4.10156e-09 3.97301e-11 2.96944e-09 1.39368e-09
4.11621e-09 5.5078e-11 3.05984e-09 1.75842e-09
4.13086e-09 1.50998e-10 3.15135e-09 2.12944e-09
4.14551e-09 2.47843e-10 3.2438e-09 2.50601e-09
4.16016e-09 3.45423e-10 3.33699e-09 2.88738e-09
4.1748e-09 4.4355e-10 3.43074e-09 3.27281e-09
4.18945e-09 5.42031e-10 3.52484e-09 3.66154e-09
4.2041e-09 6.40674e-10 3.61911e-09 4.0528e-09
4.21875e-09 7.39289e-10 3.71336e-09 4.44583e-09
4.2334e-09 8.37681e-10 3.8074e-09 4.83984e-09
4.24805e-09 9.35661e-10 3.90103e-09 5.23407e-09
4.2627e-09 1.03304e-09 3.99406e-09 5.62775e-09
4.27734e-09 1.12962e-09 4.0863e-09 6.02009e-09
4.29199e-09 1.22521e-09 4.17757e-09 6.41033e-09
4.30664e-09 1.31964e-09 4.26767e-09 6.79769e-09
4.32129e-09 1.41273e-09 4.35643e-09 7.18142e-09
4.33594e-09 1.50427e-09 4.44366e-09 7.56076e-09
4.35059e-09 1.59409e-09 4.52917e-09 7.93497e-09
4.36523e-09 1.68203e-09 4.61281e-09 8.30331e-09
4.37988e-09 1.76791e-09 4.6944e-09 8.66505e-09
4.39453e-09 1.85156e-09 4.77377e-09 9.01948e-09
4.40918e-09 1.93283e-09 4.85075e-09 9.3659e-09
4.42383e-09 2.01154e-09 4.92519e-09 9.70363e-09
4.43848e-09 2.08756e-09 4.99693e-09 1.0032e-08
4.45312e-09 2.16072e-09 5.06583e-09 1.03504e-08
4.46777e-09 2.23089e-09 5.13174e-09 1.06581e-08
4.48242e-09 2.29792e-09 5.19453e-09 1.09546e-08
4.49707e-09 2.36169e-09 5.25406e-09 1.12393e-08
4.51172e-09 2.42208e-09 5.3102e-09 1.15116e-08
4.52637e-09 2.47896e-09 5.36285e-09 1.17709e-08
4.54102e-09 2.53221e-09 5.41188e-09 1.20169e-08
4.55566e-09 2.58176e-09 5.4572e-09 1.22488e-08
4.57031e-09 2.62747e-09 5.4987e-09 1.24664e-08
4.58496e-09 2.66928e-09 5.53631e-09 1.26692e-08
4.59961e-09 2.7071e-09 5.56993e-09 1.28567e-08
4.61426e-09 2.74085e-09 5.59949e-09 1.30287e-08
4.62891e-09 2.77047e-09 5.62492e-09 1.31846e-08
4.64355e-09 2.7959e-09 5.64616e-09 1.33243e-08
4.6582e-09 2.81708e-09 5.66317e-09 1.34475e-08
4.67285e-09 2.83398e-09 5.6759e-09 1.35539e-08
4.6875e-09 2.84656e-09 5.68431e-09 1.36432e-08
4.70215e-09 2.8548e-09 5.68839e-09 1.37153e-08
4.7168e-09 2.85867e-09 5.68811e-09 1.37701e-08
4.73145e-09 2.85817e-09 5.68346e-09 1.38074e-08
4.74609e-09 2.85329e-09 5.67444e-09 1.38271e-08
4.76074e-09 2.84405e-09 5.66107e-09 1.38292e-08
4.77539e-09 2.83046e-09 5.64335e-09 1.38137e-08
4.79004e-09 2.81255e-09 5.62132e-09 1.37805e-08
4.80469e-09 2.79034e-09 5.595e-09 1.37298e-08
4.81934e-09 2.76388e-09 5.56443e-09 1.36617e-08
4.83398e-09 2.73323e-09 5.52967e-09 1.35761e-08
4.84863e-09 2.69843e-09 5.49077e-09 1.34734e-08
4.86328e-09 2.65955e-09 5.44781e-09 1.33536e-08
4.87793e-09 2.61667e-09 5.40084e-09 1.3217e-08
4.89258e-09 2.56985e-09 5.34994e-09 1.30638e-08
4.90723e-09 2.51922e-09 5.29523e-09 1.28944e-08
4.92187e-09 2.46484e-09 5.23679e-09 1.27091e-08
4.93652e-09 2.40682e-09 5.17471e-09 1.25081e-08
4.95117e-09 2.34528e-09 5.10911e-09 1.22918e-08
4.96582e-09 2.28033e-09 5.04012e-09 1.20608e-08
4.98047e-09 2.2121e-09 4.96784e-09 1.18153e-08
4.99512e-09 2.14071e-09 4.89241e-09 1.15559e-08
5.00977e-09 2.06631e-09 4.81397e-09 1.1283e-08
5.02441e-09 1.98902e-09 4.73267e-09 1.09972e-08
5.03906e-09 1.90901e-09 4.64864e-09 1.0699e-08
5.05371e-09 1.82643e-09 4.56204e-09 1.0389e-08
5.06836e-09 1.74143e-09 4.47303e-09 1.00677e-08
5.08301e-09 1.65417e-09 4.38177e-09 9.73579e-09
5.09766e-09 1.56483e-09 4.28843e-09 9.39384e-09
5.1123e-09 1.47357e-09 4.19318e-09 9.04252e-09
5.12695e-09 1.38057e-09 4.09619e-09 8.6825e-09
5.1416e-09 1.286e-09 3.99765e-09 8.31445e-09
5.15625e-09 1.19006e-09 3.89773e-09 7.93909e-09
5.1709e-09 1.0929e-09 3.79661e-09 7.55711e-09
5.18555e-09 9.94734e-10 3.69448e-09 7.16925e-09
5.2002e-09 8.95743e-10 3.59153e-09 6.77624e-09
5.21484e-09 7.96116e-10 3.48795e-09 6.37882e-09
5.22949e-09 6.96042e-10 3.38394e-09 5.97776e-09
5.24414e-09 5.95716e-10 3.27967e-09 5.57381e-09
5.25879e-09 4.95327e-10 3.17535e-09 5.16773e-09
5.27344e-09 3.95069e-10 3.07116e-09 4.76031e-09
5.28809e-09 2.95134e-10 2.96731e-09 4.35232e-09
5.30273e-09 1.95712e-10 2.86397e-09 3.94452e-09
5.31738e-09 9.69949e-11 2.76134e-09 3.5377e-09
5.33203e-09 8.29139e-13 2.65962e-09 3.13263e-09
5.34668e-09 9.75727e-11 2.55898e-09 2.73007e-09
5.36133e-09 1.9305e-10 2.4596e-09 2.3308e-09
5.37598e-09 2.8708e-10 2.36169e-09 1.93557e-09
5.39062e-09 3.79481e-10 2.26541e-09 1.54513e-09
5.40527e-09 4.70076e-10 2.17094e-09 1.16022e-09
5.41992e-09 5.58693e-10 2.07845e-09 7.81574e-10
5.43457e-09 6.45161e-10 1.98812e-09 4.09913e-10
5.44922e-09 7.29316e-10 1.9001e-09 4.59388e-11
5.46387e-09 8.10996e-10 1.81457e-09 3.09657e-10
5.47852e-09 8.90045e-10 1.73168e-09 6.56201e-10
5.49316e-09 9.66313e-10 1.65157e-09 9.93036e-10
5.50781e-09 1.03965e-09 1.57439e-09 1.31952e-09
5.52246e-09 1.10992e-09 1.50029e-09 1.63505e-09
5.53711e-09 1.177e-09 1.42939e-09 1.93901e-09
5.55176e-09 1.24074e-09 1.36183e-09 2.23083e-09
5.56641e-09 1.30103e-09 1.29773e-09 2.50997e-09
5.58105e-09 1.35775e-09 1.2372e-09 2.77589e-09
5.5957e-09 1.4108e-09 1.18035e-09 3.0281e-09
5.61035e-09 1.46007e-09 1.12728e-09 3.26612e-09
5.625e-09 1.50548e-09 1.07808e-09 3.48949e-09
5.63965e-09 1.54693e-09 1.03284e-09 3.69782e-09
5.6543e-09 1.58435e-09 9.91644e-10 3.89069e-09
5.66895e-09 1.61766e-09 9.54556e-10 4.06776e-09
5.68359e-09 1.64681e-09 9.2164e-10 4.22869e-09
5.69824e-09 1.67173e-09 8.92951e-10 4.37318e-09
5.71289e-09 1.69239e-09 8.68536e-10 4.50098e-09
5.72754e-09 1.70874e-09 8.48432e-10 4.61183e-09
5.74219e-09 1.72076e-09 8.32671e-10 4.70555e-09
5.75684e-09 1.72841e-09 8.21274e-10 4.78196e-09
5.77148e-09 1.7317e-09 8.14253e-10 4.84092e-09
5.78613e-09 1.73061e-09 8.11614e-10 4.88234e-09
5.80078e-09 1.72514e-09 8.13354e-10 4.90615e-09
5.81543e-09 1.71532e-09 8.19459e-10 4.91231e-09
5.83008e-09 1.70115e-09 8.2991e-10 4.90082e-09
5.84473e-09 1.68268e-09 8.44678e-10 4.87172e-09
5.85937e-09 1.65992e-09 8.63726e-10 4.82507e-09
5.87402e-09 1.63295e-09 8.87008e-10 4.76099e-09
5.88867e-09 1.60179e-09 9.1447e-10 4.67959e-09
5.90332e-09 1.56652e-09 9.46051e-10 4.58105e-09
5.91797e-09 1.52721e-09 9.81681e-10 4.46558e-09
5.93262e-09 1.48393e-09 1.02128e-09 4.33341e-09
5.94727e-09 1.43677e-09 1.06477e-09 4.18481e-09
5.96191e-09 1.38582e-09 1.11206e-09 4.02006e-09
5.97656e-09 1.33119e-09 1.16303e-09 3.83952e-09
5.99121e-09 1.27297e-09 1.2176e-09 3.64352e-09
6.00586e-09 1.21128e-09 1.27564e-09 3.43247e-09
6.02051e-09 1.14624e-09 1.33703e-09 3.20679e-09
6.03516e-09 1.07799e-09 1.40165e-09 2.96692e-09
6.0498e-09 1.00664e-09 1.46936e-09 2.71333e-09
6.06445e-09 9.3235e-10 1.54002e-09 2.44654e-09
6.0791e-09 8.55255e-10 1.61349e-09 2.16705e-09
6.09375e-09 7.75507e-10 1.68963e-09 1.87544e-09
6.1084e-09 6.93262e-10 1.76826e-09 1.57226e-09
6.12305e-09 6.0868e-10 1.84923e-09 1.25812e-09
6.1377e-09 5.21926e-10 1.93239e-09 9.33638e-10
6.15234e-09 4.33168e-10 2.01755e-09 5.99449e-10
6.16699e-09 3.4258e-10 2.10455e-09 2.56211e-10
6.18164e-09 2.50337e-10 2.1932e-09 9.54019e-11
6.19629e-09 1.5662e-10 2.28334e-09 4.54699e-10
6.21094e-09 6.16112e-11 2.37477e-09 8.20975e-10
6.22559e-09 3.45053e-11 2.46732e-09 1.19351e-09
6.24023e-09 1.31542e-10 2.56079e-09 1.57158e-09
6.25488e-09 2.29311e-10 2.655e-09 1.95443e-09
6.26953e-09 3.27621e-10 2.74976e-09 2.34132e-09
6.28418e-09 4.26281e-10 2.84487e-09 2.73149e-09
6.29883e-09 5.25099e-10 2.94014e-09 3.12418e-09
6.31348e-09 6.23883e-10 3.03539e-09 3.51861e-09
6.32812e-09 7.22441e-10 3.13041e-09 3.91401e-09
6.34277e-09 8.20584e-10 3.22503e-09 4.30961e-09
6.35742e-09 9.18113e-10 3.31903e-09 4.70462e-09
6.37207e-09 1.01484e-09 3.41224e-09 5.09829e-09
6.38672e-09 1.11058e-09 3.50447e-09 5.48984e-09
6.40137e-09 1.20515e-09 3.59553e-09 5.87849e-09
6.41602e-09 1.29837e-09 3.68525e-09 6.26349e-09
6.43066e-09 1.39004e-09 3.77342e-09 6.64408e-09
6.44531e-09 1.48e-09 3.85989e-09 7.01951e-09
6.45996e-09 1.56807e-09 3.94447e-09 7.38906e-09
6.47461e-09 1.65407e-09 4.02699e-09 7.75199e-09
6.48926e-09 1.73784e-09 4.10729e-09 8.10759e-09
6.50391e-09 1.81922e-09 4.18519e-09 8.45517e-09
6.51855e-09 1.89804e-09 4.26055e-09 8.79405e-09
6.5332e-09 1.97416e-09 4.3332e-09 9.12355e-09
6.54785e-09 2.04741e-09 4.403e-09 9.44303e-09
6.5625e-09 2.11768e-09 4.46981e-09 9.75186e-09
6.57715e-09 2.18481e-09 4.5335e-09 1.00494e-08
6.5918e-09 2.24867e-09 4.59392e-09 1.03352e-08
6.60645e-09 2.30914e-09 4.65095e-09 1.06085e-08
6.62109e-09 2.36611e-09 4.70449e-09 1.08689e-08
6.63574e-09 2.41946e-09 4.75441e-09 1.11158e-08
6.65039e-09 2.46908e-09 4.80062e-09 1.13488e-08
6.66504e-09 3.2022e-09 1.77434e-09 2.75931e-08
6.67969e-09 4.79715e-09 3.23888e-09 3.20068e-08
6.69434e-09 6.32018e-09 8.18351e-09 3.61471e-08
6.70898e-09 7.77546e-09 1.30564e-08 4.00274e-08
6.72363e-09 9.16756e-09 1.78547e-08 4.36625e-08
6.73828e-09 1.05014e-08 2.25761e-08 4.70682e-08
6.75293e-09 1.17822e-08 2.72185e-08 5.02612e-08
6.76758e-09 1.30155e-08 3.17803e-08 5.32596e-08
6.78223e-09 1.42069e-08 3.626e-08 5.60817e-08
6.79687e-09 1.53625e-08 4.06565e-08 5.87468e-08
6.81152e-09 1.64881e-08 4.49688e-08 6.12746e-08
6.82617e-09 1.75899e-08 4.91962e-08 6.36853e-08
6.84082e-09 1.8674e-08 5.33381e-08 6.59991e-08
6.85547e-09 1.97465e-08 5.73939e-08 6.82366e-08
6.87012e-09 2.08132e-08 6.13633e-08 7.0418e-08
6.88477e-09 2.18802e-08 6.52459e-08 7.25637e-08
6.89941e-09 2.29531e-08 6.90414e-08 7.46935e-08
6.91406e-09 2.40372e-08 7.27493e-08 7.68269e-08
6.92871e-09 2.51379e-08 7.63693e-08 7.89828e-08
6.94336e-09 2.62601e-08 7.99008e-08 8.11793e-08
6.95801e-09 2.74081e-08 8.33431e-08 8.34338e-08
6.97266e-09 2.85861e-08 8.66955e-08 8.57627e-08
6.9873e-09 2.97978e-08 8.99569e-08 8.81813e-08
7.00195e-09 3.10464e-08 9.31262e-08 9.07037e-08
7.0166e-09 3.23346e-08 9.62019e-08 9.33427e-08
7.03125e-09 3.36644e-08 9.91822e-08 9.61098e-08
7.0459e-09 3.50374e-08 1.02065e-07 9.90149e-08
7.06055e-09 3.64545e-08 1.04849e-07 1.02066e-07
7.0752e-09 3.79161e-08 1.0753e-07 1.05271e-07
7.08984e-09 3.94219e-08 1.10106e-07 1.08634e-07
7.10449e-09 6.05568e-09 9.76613e-08 3.22392e-07
7.11914e-09 1.35545e-07 1.49074e-07 5.10719e-07
7.13379e-09 5.07839e-08 5.22161e-08 4.68873e-07
7.14844e-09 1.38439e-08 1.34028e-08 3.1885e-07
7.16309e-09 2.75692e-09 2.02657e-09 1.99471e-07
7.17773e-09 1.24641e-10 8.98843e-10 1.20637e-07
7.19238e-09 7.77554e-10 1.55758e-09 7.14235e-08
7.20703e-09 8.66051e-10 1.64601e-09 4.13405e-08
7.22168e-09 8.16142e-10 1.59513e-09 2.3138e-08
7.23633e-09 7.32221e-10 1.51009e-09 1.22129e-08
7.25098e-09 6.39332e-10 1.41607e-09 5.72362e-09
7.26562e-09 5.43488e-10 1.31909e-09 1.9337e-09
7.28027e-09 4.4623e-10 1.22069e-09 2.14194e-10
7.29492e-09 3.48053e-10 1.12138e-09 1.36305e-09
7.30957e-09 2.49215e-10 1.02141e-09 1.90382e-09
7.32422e-09 1.49932e-10 9.20995e-10 2.07429e-09
7.33887e-09 5.03986e-11 8.20331e-10 2.01919e-09
7.35352e-09 4.9194e-11 7.19611e-10 1.82671e-09
7.36816e-09 1.48653e-10 6.19025e-10 1.55075e-09
7.38281e-09 2.47786e-10 5.18767e-10 1.22433e-09
7.39746e-09 3.46403e-10 4.19027e-10 8.67821e-10
7.41211e-09 4.44312e-10 3.19997e-10 4.9389e-10
7.42676e-09 5.41324e-10 2.21865e-10 1.10538e-10
7.44141e-09 6.37252e-10 1.24818e-10 2.77074e-10
7.45605e-09 7.31912e-10 2.90419e-11 6.65517e-10
7.4707e-09 8.2512e-10 6.52814e-11 1.05241e-09
7.48535e-09 9.16697e-10 1.57972e-10 1.43603e-09
7.5e-09 1.00647e-09 2.48852e-10 1.81502e-09
7.51465e-09 1.09425e-09 3.37749e-10 2.18831e-09
7.5293e-09 1.17989e-09 4.24494e-10 2.55494e-09
7.54395e-09 1.26321e-09 5.08921e-10 2.91408e-09
7.55859e-09 1.34405e-09 5.9087e-10 3.26496e-09
7.57324e-09 1.42226e-09 6.70183e-10 3.60685e-09
7.58789e-09 1.49769e-09 7.46711e-10 3.93908e-09
7.60254e-09 1.57019e-09 8.20308e-10 4.26098e-09
7.61719e-09 1.63961e-09 8.90833e-10 4.57192e-09
7.63184e-09 1.70583e-09 9.58153e-10 4.87131e-09
7.64648e-09 1.76873e-09 1.02214e-09 5.15855e-09
7.66113e-09 1.82817e-09 1.08267e-09 5.43311e-09
7.67578e-09 1.88404e-09 1.13964e-09 5.69445e-09
7.69043e-09 1.93623e-09 1.19292e-09 5.94207e-09
7.70508e-09 1.98465e-09 1.24243e-09 6.1755e-09
7.71973e-09 2.0292e-09 1.28807e-09 6.39429e-09
7.73437e-09 2.0698e-09 1.32975e-09 6.59802e-09
7.74902e-09 2.10636e-09 1.3674e-09 6.78629e-09
7.76367e-09 2.13882e-09 1.40094e-09 6.95877e-09
7.77832e-09 2.16711e-09 1.43031e-09 7.1151e-09
7.79297e-09 2.19118e-09 1.45546e-09 7.25499e-09
7.80762e-09 2.21098e-09 1.47634e-09 7.37819e-09
7.82227e-09 2.22647e-09 1.49291e-09 7.48445e-09
7.83691e-09 2.23763e-09 1.50514e-09 7.57357e-09
7.85156e-09 2.24443e-09 1.51301e-09 7.64539e-09
7.86621e-09 2.24686e-09 1.51651e-09 7.69976e-09
7.88086e-09 2.24491e-09 1.51564e-09 7.7366e-09
7.89551e-09 2.2386e-09 1.51039e-09 7.75582e-09
7.91016e-09 2.22792e-09 1.50078e-09 7.75741e-09
7.9248e-09 2.21291e-09 1.48683e-09 7.74136e-09
7.93945e-09 2.19358e-09 1.46857e-09 7.70769e-09
7.9541e-09 2.16999e-09 1.44604e-09 7.6565e-09
7.96875e-09 2.14217e-09 1.41928e-09 7.58786e-09
7.9834e-09 2.11017e-09 1.38834e-09 7.50193e-09
7.99805e-09 2.07406e-09 1.35329e-09 7.39888e-09
8.0127e-09 2.03392e-09 1.3142e-09 7.27889e-09
8.02734e-09 1.98981e-09 1.27115e-09 7.14222e-09
8.04199e-09 1.94182e-09 1.22421e-09 6.98913e-09
8.05664e-09 1.89004e-09 1.17349e-09 6.81991e-09
8.07129e-09 1.83458e-09 1.11908e-09 6.6349e-09
8.08594e-09 1.77554e-09 1.06109e-09 6.43446e-09
8.10059e-09 1.71304e-09 9.9963e-10 6.21898e-09
8.11523e-09 1.64719e-09 9.34828e-10 5.98888e-09
8.12988e-09 1.57813e-09 8.66808e-10 5.74461e-09
8.14453e-09 1.50598e-09 7.95704e-10 5.48664e-09
8.15918e-09 1.43089e-09 7.21654e-10 5.21548e-09
8.17383e-09 1.353e-09 6.44804e-10 4.93165e-09
8.18848e-09 1.27246e-09 5.65304e-10 4.63571e-09
8.20312e-09 1.18943e-09 4.8331e-10 4.32822e-09
8.21777e-09 1.10407e-09 3.98983e-10 4.0098e-09
8.23242e-09 1.01654e-09 3.12486e-10 3.68105e-09
8.24707e-09 9.27014e-10 2.23989e-10 3.34261e-09
8.26172e-09 8.3566e-10 1.33665e-10 2.99514e-09
8.27637e-09 7.42657e-10 4.16906e-11 2.63933e-09
8.29102e-09 6.48184e-10 5.17547e-11 2.27584e-09
8.30566e-09 5.52424e-10 1.46489e-10 1.90541e-09
8.32031e-09 4.55562e-10 2.42327e-10 1.52873e-09
8.33496e-09 3.57785e-10 3.39081e-10 1.14655e-09
8.34961e-09 2.59282e-10 4.36563e-10 7.59598e-10
8.36426e-09 1.60243e-10 5.34583e-10 3.68635e-10
8.37891e-09 6.08596e-11 6.32948e-10 2.55834e-11
8.39355e-09 3.86813e-11 7.31473e-10 4.22293e-10
8.4082e-09 1.38176e-10 8.29953e-10 8.20724e-10
8.42285e-09 2.37438e-10 9.28201e-10 1.22011e-09
8.4375e-09 3.36273e-10 1.02602e-09 1.61966e-09
8.45215e-09 4.34497e-10 1.12324e-09 2.01861e-09
8.4668e-09 5.31923e-10 1.21965e-09 2.41619e-09
8.48145e-09 6.28354e-10 1.31508e-09 2.81161e-09
8.49609e-09 7.23606e-10 1.40932e-09 3.20413e-09
8.51074e-09 8.17496e-10 1.50221e-09 3.59296e-09
8.52539e-09 9.09846e-10 1.59355e-09 3.97737e-09
8.54004e-09 1.00047e-09 1.68318e-09 4.3566e-09
8.55469e-09 1.08919e-09 1.7709e-09 4.72992e-09
8.56934e-09 1.17585e-09 1.85656e-09 5.0966e-09
8.58398e-09 1.26027e-09 1.93998e-09 5.45593e-09
8.59863e-09 1.34229e-09 2.02101e-09 5.80722e-09
8.61328e-09 1.42175e-09 2.09947e-09 6.14978e-09
8.62793e-09 1.4985e-09 2.17523e-09 6.48295e-09
8.64258e-09 1.5724e-09 2.24813e-09 6.80607e-09
8.65723e-09 1.6433e-09 2.31804e-09 7.11853e-09
8.67187e-09 1.71106e-09 2.38481e-09 7.41971e-09
8.68652e-09 1.98669e-09 7.2416e-09 1.97214e-08
8.70117e-09 2.71175e-09 5.51198e-09 2.03338e-08
8.71582e-09 3.33745e-09 3.86408e-09 2.05985e-08
8.73047e-09 3.86944e-09 2.29447e-09 2.05355e-08
8.74512e-09 4.31395e-09 7.99117e-10 2.01664e-08
8.75977e-09 4.67778e-09 6.26516e-10 1.95145e-08
8.77441e-09 4.96827e-09 1.98748e-09 1.86046e-08
8.78906e-09 5.19319e-09 3.28927e-09 1.7463e-08
8.80371e-09 5.36077e-09 4.5378e-09 1.61173e-08
8.81836e-09 5.47958e-09 5.7393e-09 1.45961e-08
8.83301e-09 5.5585e-09 6.90035e-09 1.29292e-08
8.84766e-09 5.60665e-09 8.02775e-09 1.11469e-08
8.8623e-09 5.63336e-09 9.12851e-09 9.28036e-09
8.87695e-09 5.6481e-09 1.02098e-08 7.36116e-09
8.8916e-09 5.66038e-09 1.12788e-08 5.42122e-09
8.90625e-09 5.67977e-09 1.23429e-08 3.49258e-09
8.9209e-09 5.71575e-09 1.34093e-08 1.60729e-09
8.93555e-09 5.77775e-09 1.44852e-08 2.02808e-10
8.9502e-09 5.87498e-09 1.55776e-08 1.90621e-09
8.96484e-09 6.01647e-09 1.66935e-08 3.47194e-09
8.97949e-09 6.21095e-09 1.78395e-08 4.8697e-09
8.99414e-09 6.46681e-09 1.90219e-08 6.07005e-09
9.00879e-09 6.79207e-09 2.02467e-08 7.04456e-09
9.02344e-09 7.19429e-09 2.15197e-08 7.76594e-09
9.03809e-09 7.68054e-09 2.2846e-08 8.20825e-09
9.05273e-09 8.25732e-09 2.42303e-08 8.34696e-09
9.06738e-09 8.93058e-09 2.56767e-08 8.15918e-09
9.08203e-09 9.70558e-09 2.7189e-08 7.62375e-09
9.09668e-09 1.05869e-08 2.87702e-08 6.72134e-09
9.11133e-09 1.15785e-08 3.04226e-08 5.43465e-09
9.12598e-09 1.26835e-08 3.2148e-08 3.74842e-09
9.14062e-09 1.39041e-08 3.39472e-08 1.64965e-09
9.15527e-09 1.5242e-08 3.58207e-08 8.72422e-10
9.16992e-09 1.66977e-08 3.7768e-08 3.82613e-09
9.18457e-09 1.82711e-08 3.97877e-08 7.21738e-09
9.19922e-09 1.9961e-08 4.18778e-08 1.10495e-08
9.21387e-09 2.17655e-08 4.40355e-08 1.53234e-08
9.22852e-09 2.36817e-08 4.6257e-08 2.0037e-08
9.24316e-09 2.57056e-08 4.8538e-08 2.51859e-08
9.25781e-09 2.78326e-08 5.0873e-08 3.07629e-08
9.27246e-09 3.00569e-08 5.32559e-08 3.67581e-08
9.28711e-09 1.41993e-08 3.46709e-08 6.41676e-08
9.30176e-09 3.47655e-07 3.4445e-07 1.79166e-06
9.31641e-09 1.32755e-07 1.32226e-07 1.503e-06
9.33105e-09 3.78407e-08 3.77258e-08 1.0055e-06
9.3457e-09 9.1713e-09 9.1207e-09 6.30129e-07
9.36035e-09 1.61441e-09 1.57381e-09 3.85594e-07
9.375e-09 2.01261e-10 2.4026e-10 2.33426e-07
9.38965e-09 5.64649e-10 6.03352e-10 1.40297e-07
9.4043e-09 5.74578e-10 6.13188e-10 8.36949e-08
9.41895e-09 5.00279e-10 5.38826e-10 4.9431e-08
9.43359e-09 4.06121e-10 4.44612e-10 2.87696e-08
9.44824e-09 3.07363e-10 3.45796e-10 1.63782e-08
9.46289e-09 2.07695e-10 2.46072e-10 9.01141e-09
9.47754e-09 1.08117e-10 1.46438e-10 4.69654e-09
9.49219e-09 9.00591e-12 4.72708e-11 2.2348e-09
9.50684e-09 8.94047e-11 5.11958e-11 8.97741e-10
9.52148e-09 1.86917e-10 1.48764e-10 2.42602e-10
9.53613e-09 2.83341e-10 2.45244e-10 1.67076e-13
9.55078e-09 3.78492e-10 3.4045e-10 6.62633e-12
9.56543e-09 4.72186e-10 4.342e-10 1.62195e-10
9.58008e-09 5.64244e-10 5.26314e-10 4.05978e-10
9.59473e-09 6.54489e-10 6.16615e-10 7.00704e-10
9.60937e-09 7.42748e-10 7.04929e-10 1.02346e-09
9.62402e-09 8.28852e-10 7.91088e-10 1.36004e-09
9.63867e-09 9.12635e-10 8.74927e-10 1.70157e-09
9.65332e-09 9.93936e-10 9.56284e-10 2.04239e-09
9.66797e-09 1.0726e-09 1.035e-09 2.3788e-09
9.68262e-09 1.14848e-09 1.11093e-09 2.7083e-09
9.69727e-09 1.22142e-09 1.18393e-09 3.02916e-09
9.71191e-09 1.29129e-09 1.25386e-09 3.34008e-09
9.72656e-09 1.35795e-09 1.32057e-09 3.64005e-09
9.74121e-09 1.42128e-09 1.38395e-09 3.92824e-09
9.75586e-09 1.48115e-09 1.44388e-09 4.20397e-09
9.77051e-09 1.53745e-09 1.50023e-09 4.46659e-09
9.78516e-09 1.59007e-09 1.55291e-09 4.71558e-09
9.7998e-09 1.63891e-09 1.60181e-09 4.9504e-09
9.81445e-09 1.68388e-09 1.64683e-09 5.17061e-09
9.8291e-09 1.72489e-09 1.6879e-09 5.37576e-09
9.84375e-09 1.76187e-09 1.72493e-09 5.56547e-09
9.8584e-09 1.79474e-09 1.75785e-09 5.73936e-09
9.87305e-09 1.82344e-09 1.7866e-09 5.89711e-09
9.8877e-09 1.84791e-09 1.81113e-09 6.03841e-09
9.90234e-09 1.86812e-09 1.8314e-09 6.16301e-09
9.91699e-09 1.88402e-09 1.84735e-09 6.27067e-09
9.93164e-09 1.89558e-09 1.85896e-09 6.36118e-09
9.94629e-09 1.90279e-09 1.86622e-09 6.43438e-09
9.96094e-09 1.90562e-09 1.86911e-09 6.49014e-09
9.97559e-09 1.90407e-09 1.86762e-09 6.52835e-09
9.99023e-09 1.89816e-09 1.86175e-09 6.54895e-09
1.00049e-08 1.88788e-09 1.85153e-09 6.5519e-09
1.00195e-08 1.87327e-09 1.83697e-09 6.53722e-09
1.00342e-08 1.85434e-09 1.8181e-09 6.50492e-09
1.00488e-08 1.83115e-09 1.79496e-09 6.45509e-09
1.00635e-08 1.80373e-09 1.76759e-09 6.38782e-09
1.00781e-08 1.77213e-09 1.73605e-09 6.30326e-09
1.00928e-08 1.73643e-09 1.70039e-09 6.20157e-09
1.01074e-08 1.69668e-09 1.6607e-09 6.08295e-09
1.01221e-08 1.65298e-09 1.61705e-09 5.94766e-09
1.01367e-08 1.60539e-09 1.56952e-09 5.79594e-09
1.01514e-08 1.55402e-09 1.5182e-09 5.6281e-09
1.0166e-08 1.49897e-09 1.4632e-09 5.44448e-09
1.01807e-08 1.44034e-09 1.40463e-09 5.24544e-09
1.01953e-08 1.37825e-09 1.34259e-09 5.03136e-09
1.021e-08 1.31282e-09 1.27721e-09 4.80266e-09
1.02246e-08 1.24417e-09 1.20861e-09 4.55981e-09
1.02393e-08 1.17244e-09 1.13694e-09 4.30326e-09
1.02539e-08 1.09777e-09 1.06232e-09 4.03353e-09
1.02686e-08 1.02031e-09 9.84906e-10 3.75115e-09
1.02832e-08 9.40198e-10 9.04847e-10 3.45665e-09
1.02979e-08 8.57598e-10 8.22298e-10 3.15063e-09
1.03125e-08 7.72668e-10 7.37419e-10 2.83368e-09
1.03271e-08 6.85573e-10 6.50377e-10 2.50641e-09
1.03418e-08 5.96484e-10 5.61338e-10 2.16948e-09
1.03564e-08 5.05572e-10 4.70478e-10 1.82352e-09
1.03711e-08 4.13014e-10 3.77972e-10 1.46923e-09
1.03857e-08 3.1899e-10 2.83999e-10 1.10728e-09
1.04004e-08 2.23683e-10 1.88743e-10 7.38396e-10
1.0415e-08 1.27277e-10 9.23881e-11 3.63284e-10
1.04297e-08 2.99587e-11 4.87858e-12 1.73201e-11
1.04443e-08 6.80816e-11 1.02868e-10 4.02675e-10
1.0459e-08 1.66654e-10 2.0139e-10 7.9203e-10
1.04736e-08 2.65568e-10 3.00252e-10 1.18463e-09
1.04883e-08 3.6463e-10 3.99264e-10 1.5797e-09
1.05029e-08 4.63653e-10 4.98236e-10 1.97648e-09
1.05176e-08 5.62429e-10 5.96961e-10 2.37419e-09
1.05322e-08 6.60788e-10 6.9527e-10 2.77206e-09
1.05469e-08 7.58521e-10 7.92952e-10 3.16932e-09
1.05615e-08 8.55454e-10 8.89835e-10 3.56518e-09
1.05762e-08 9.51389e-10 9.8572e-10 3.95888e-09
1.05908e-08 1.04614e-09 1.08042e-09 4.34965e-09
1.06055e-08 1.13953e-09 1.17376e-09 4.73673e-09
1.06201e-08 1.23137e-09 1.26555e-09 5.11936e-09
1.06348e-08 1.32149e-09 1.35562e-09 5.4968e-09
1.06494e-08 1.4097e-09 1.44378e-09 5.86832e-09
1.06641e-08 1.49584e-09 1.52987e-09 6.23319e-09
1.06787e-08 1.57974e-09 1.61372e-09 6.5907e-09
1.06934e-08 1.66124e-09 1.69517e-09 6.94014e-09
1.0708e-08 1.74018e-09 1.77406e-09 7.28085e-09
1.07227e-08 1.81641e-09 1.85024e-09 7.61215e-09
1.07373e-08 1.88977e-09 1.92355e-09 7.9334e-09
1.0752e-08 1.96013e-09 1.99386e-09 8.24397e-09
1.07666e-08 2.02736e-09 2.06104e-09 8.54325e-09
1.07812e-08 2.14128e-09 5.89083e-10 1.03665e-08
1.07959e-08 3.43173e-09 1.9321e-09 1.27921e-08
1.08105e-08 4.621e-09 3.17715e-09 1.48862e-08
1.08252e-08 5.71331e-09 4.32834e-09 1.66642e-08
1.08398e-08 6.71352e-09 5.3904e-09 1.81432e-08
1.08545e-08 7.62703e-09 6.36859e-09 1.93424e-08
1.08691e-08 8.45981e-09 7.26876e-09 2.0282e-08
1.08838e-08 9.21829e-09 8.09718e-09 2.09841e-08
1.08984e-08 9.90936e-09 8.86059e-09 2.14718e-08
1.09131e-08 1.05403e-08 9.5661e-09 2.17694e-08
1.09277e-08 1.11187e-08 1.02212e-08 2.19023e-08
1.09424e-08 1.16524e-08 1.08335e-08 2.18966e-08
1.0957e-08 1.21495e-08 1.1411e-08 2.17793e-08
1.09717e-08 1.26184e-08 1.19618e-08 2.15778e-08
1.09863e-08 1.30674e-08 1.24941e-08 2.132e-08
1.1001e-08 1.35049e-08 1.30163e-08 2.10339e-08
1.10156e-08 1.39395e-08 1.35365e-08 2.07478e-08
1.10303e-08 1.43795e-08 1.40629e-08 2.04896e-08
1.10449e-08 1.48332e-08 1.46038e-08 2.02873e-08
1.10596e-08 1.53087e-08 1.51669e-08 2.01683e-08
1.10742e-08 1.58139e-08 1.57601e-08 2.01594e-08
1.10889e-08 1.63564e-08 1.63907e-08 2.02869e-08
1.11035e-08 1.69434e-08 1.70658e-08 2.0576e-08
1.11182e-08 1.7582e-08 1.77921e-08 2.10511e-08
1.11328e-08 1.82785e-08 1.85758e-08 2.17353e-08
1.11475e-08 1.90389e-08 1.94229e-08 2.26505e-08
1.11621e-08 1.98686e-08 2.03385e-08 2.38171e-08
1.11768e-08 2.07726e-08 2.13272e-08 2.5254e-08
1.11914e-08 2.1755e-08 2.23933e-08 2.69784e-08
1.12061e-08 2.28196e-08 2.35401e-08 2.90057e-08
1.12207e-08 2.39691e-08 2.47703e-08 3.13495e-08
1.12354e-08 2.52058e-08 2.6086e-08 3.40211e-08
1.125e-08 2.65311e-08 2.74884e-08 3.70301e-08
1.12646e-08 2.79457e-08 2.89781e-08 4.03837e-08
1.12793e-08 2.94495e-08 3.05548e-08 4.40868e-08
1.12939e-08 3.10415e-08 3.22172e-08 4.81421e-08
1.13086e-08 3.27199e-08 3.39636e-08 5.25499e-08
1.13232e-08 3.44821e-08 3.57911e-08 5.7308e-08
1.13379e-08 3.63246e-08 3.7696e-08 6.24119e-08
1.13525e-08 3.8243e-08 3.9674e-08 6.78545e-08
1.13672e-08 4.02322e-08 4.17196e-08 7.36261e-08
1.13818e-08 3.84316e-07 4.94736e-07 8.81364e-07
1.13965e-08 1.65144e-07 1.8206e-07 1.08911e-06
1.14111e-08 4.90211e-08 5.14499e-08 7.85788e-07
1.14258e-08 1.23878e-08 1.25721e-08 5.03911e-07
1.14404e-08 2.53117e-09 2.36802e-09 3.10599e-07
1.14551e-08 1.15792e-10 1.00913e-10 1.88274e-07
1.14697e-08 3.966e-10 6.21323e-10 1.12981e-07
1.14844e-08 4.42933e-10 6.68618e-10 6.71442e-08
1.1499e-08 3.77726e-10 6.03281e-10 3.94026e-08
1.15137e-08 2.8607e-10 5.11325e-10 2.26984e-08
1.15283e-08 1.88129e-10 4.13059e-10 1.2709e-08
1.1543e-08 8.87444e-11 3.13346e-10 6.80065e-09
1.15576e-08 1.08178e-11 2.13454e-10 3.37152e-09
1.15723e-08 1.10119e-10 1.13825e-10 1.44804e-09
1.15869e-08 2.0891e-10 1.47049e-11 4.38488e-10
1.16016e-08 3.06989e-10 8.37016e-11 1.68452e-11
1.16162e-08 4.04164e-10 1.81203e-10 1.36742e-10
1.16309e-08 5.00246e-10 2.77612e-10 5.4382e-11
1.16455e-08 5.95051e-10 3.72744e-10 1.49049e-10
1.16602e-08 6.88396e-10 4.66415e-10 4.23948e-10
1.16748e-08 7.80102e-10 5.58445e-10 7.39899e-10
1.16895e-08 8.69991e-10 6.48659e-10 1.07814e-09
1.17041e-08 9.5789e-10 7.36882e-10 1.42701e-09
1.17187e-08 1.04363e-09 8.22947e-10 1.77913e-09
1.17334e-08 1.12705e-09 9.06687e-10 2.12976e-09
1.1748e-08 1.20798e-09 9.87942e-10 2.47577e-09
1.17627e-08 1.28627e-09 1.06656e-09 2.81498e-09
1.17773e-08 1.36177e-09 1.14238e-09 3.14585e-09
1.1792e-08 1.43434e-09 1.21526e-09 3.46718e-09
1.18066e-08 1.50382e-09 1.28507e-09 3.77803e-09
1.18213e-08 1.5701e-09 1.35167e-09 4.07759e-09
1.18359e-08 1.63304e-09 1.41493e-09 4.36518e-09
1.18506e-08 1.69253e-09 1.47474e-09 4.64016e-09
1.18652e-08 1.74844e-09 1.53097e-09 4.90196e-09
1.18799e-08 1.80067e-09 1.58351e-09 5.15007e-09
1.18945e-08 1.84912e-09 1.63228e-09 5.38398e-09
1.19092e-08 1.89369e-09 1.67717e-09 5.60324e-09
1.19238e-08 1.93431e-09 1.71811e-09 5.80744e-09
1.19385e-08 1.97088e-09 1.755e-09 5.99617e-09
1.19531e-08 2.00335e-09 1.78779e-09 6.16908e-09
1.19678e-08 2.03165e-09 1.8164e-09 6.32584e-09
1.19824e-08 2.05573e-09 1.8408e-09 6.46615e-09
1.19971e-08 2.07554e-09 1.86092e-09 6.58975e-09
1.20117e-08 2.09104e-09 1.87673e-09 6.6964e-09
1.20264e-08 2.1022e-09 1.8882e-09 6.7859e-09
1.2041e-08 2.109e-09 1.89532e-09 6.85809e-09
1.20557e-08 2.11143e-09 1.89806e-09 6.91283e-09
1.20703e-08 2.10948e-09 1.89643e-09 6.95003e-09
1.2085e-08 2.10317e-09 1.89043e-09 6.96961e-09
1.20996e-08 2.09249e-09 1.88006e-09 6.97155e-09
1.21143e-08 2.07748e-09 1.86536e-09 6.95585e-09
1.21289e-08 2.05816e-09 1.84635e-09 6.92254e-09
1.21436e-08 2.03457e-09 1.82307e-09 6.8717e-09
1.21582e-08 2.00675e-09 1.79557e-09 6.80343e-09
1.21729e-08 1.97477e-09 1.76389e-09 6.71786e-09
1.21875e-08 1.93867e-09 1.7281e-09 6.61518e-09
1.22021e-08 1.89854e-09 1.68828e-09 6.49558e-09
1.22168e-08 1.85445e-09 1.6445e-09 6.35929e-09
1.22314e-08 1.80648e-09 1.59684e-09 6.2066e-09
1.22461e-08 1.75473e-09 1.54539e-09 6.0378e-09
1.22607e-08 1.6993e-09 1.49027e-09 5.85322e-09
1.22754e-08 1.6403e-09 1.43157e-09 5.65322e-09
1.229e-08 1.57783e-09 1.36942e-09 5.4382e-09
1.23047e-08 1.51203e-09 1.30392e-09 5.20858e-09
1.23193e-08 1.44302e-09 1.23521e-09 4.9648e-09
1.2334e-08 1.37093e-09 1.16343e-09 4.70735e-09
1.23486e-08 1.2959e-09 1.0887e-09 4.43673e-09
1.23633e-08 1.21808e-09 1.01119e-09 4.15346e-09
1.23779e-08 1.13762e-09 9.3103e-10 3.85811e-09
1.23926e-08 1.05468e-09 8.48386e-10 3.55123e-09
1.24072e-08 9.69403e-10 7.63415e-10 3.23344e-09
1.24219e-08 8.8197e-10 6.76285e-10 2.90535e-09
1.24365e-08 7.92547e-10 5.87163e-10 2.56761e-09
1.24512e-08 7.01305e-10 4.96222e-10 2.22086e-09
1.24658e-08 6.08423e-10 4.0364e-10 1.8658e-09
1.24805e-08 5.14078e-10 3.09596e-10 1.50309e-09
1.24951e-08 4.18455e-10 2.14272e-10 1.13347e-09
1.25098e-08 3.21737e-10 1.17854e-10 7.5763e-10
1.25244e-08 2.24113e-10 2.0528e-11 3.7632e-10
1.25391e-08 1.25771e-10 7.7516e-11 9.72346e-12
1.25537e-08 2.69011e-11 1.76088e-10 3.99749e-10
1.25684e-08 7.23048e-11 2.74996e-10 7.92997e-10
1.2583e-08 1.7166e-10 3.74055e-10 1.1887e-09
1.25977e-08 2.70961e-10 4.73059e-10 1.5861e-09
1.26123e-08 3.70016e-10 5.71818e-10 1.98441e-09
1.2627e-08 4.68648e-10 6.70154e-10 2.38286e-09
1.26416e-08 5.66648e-10 7.67859e-10 2.78067e-09
1.26562e-08 6.63845e-10 8.64761e-10 3.17708e-09
1.26709e-08 7.6004e-10 9.60662e-10 3.5713e-09
1.26855e-08 8.55048e-10 1.05538e-09 3.96258e-09
1.27002e-08 9.48685e-10 1.14872e-09 4.35014e-09
1.27148e-08 1.04077e-09 1.24052e-09 4.73325e-09
1.27295e-08 1.13113e-09 1.33058e-09 5.11114e-09
1.27441e-08 1.21958e-09 1.41874e-09 5.4831e-09
1.27588e-08 1.30595e-09 1.50482e-09 5.84838e-09
1.27734e-08 1.39008e-09 1.58866e-09 6.20629e-09
1.27881e-08 1.4718e-09 1.67009e-09 6.55612e-09
1.28027e-08 1.55097e-09 1.74896e-09 6.89719e-09
1.28174e-08 1.62741e-09 1.82511e-09 7.22885e-09
1.2832e-08 1.70098e-09 1.89839e-09 7.55043e-09
1.28467e-08 1.77155e-09 1.96868e-09 7.86133e-09
1.28613e-08 1.83899e-09 2.03582e-09 8.16092e-09
1.2876e-08 6.74993e-09 2.22296e-08 3.27779e-08
1.28906e-08 5.75172e-09 2.09104e-08 3.45654e-08
1.29053e-08 4.83471e-09 1.96399e-08 3.59753e-08
1.29199e-08 3.99402e-09 1.8414e-08 3.70245e-08
1.29346e-08 3.22419e-09 1.7228e-08 3.77321e-08
1.29492e-08 2.51923e-09 1.60769e-08 3.81188e-08
1.29639e-08 1.87267e-09 1.4955e-08 3.82071e-08
1.29785e-08 1.27759e-09 1.38566e-08 3.80208e-08
1.29932e-08 7.26692e-10 1.27754e-08 3.75851e-08
1.30078e-08 2.12348e-10 1.1705e-08 3.69265e-08
1.30225e-08 2.73361e-10 1.06385e-08 3.60725e-08
1.30371e-08 7.3858e-10 9.56909e-09 3.50517e-08
1.30518e-08 1.19162e-09 8.48977e-09 3.38932e-08
1.30664e-08 1.64092e-09 7.39344e-09 3.26269e-08
1.30811e-08 2.09497e-09 6.27299e-09 3.1283e-08
1.30957e-08 2.56226e-09 5.12136e-09 2.9892e-08
1.31104e-08 3.05123e-09 3.93158e-09 2.84847e-08
1.3125e-08 3.57021e-09 2.69681e-09 2.70915e-08
1.31396e-08 4.12735e-09 1.41045e-09 2.5743e-08
1.31543e-08 4.73059e-09 6.61276e-11 2.4469e-08
1.31689e-08 5.38757e-09 1.34223e-09 2.3299e-08
1.31836e-08 6.10561e-09 2.82031e-09 2.22618e-08
1.31982e-08 6.89165e-09 4.37343e-09 2.13853e-08
1.32129e-08 7.75217e-09 6.00644e-09 2.06964e-08
1.32275e-08 8.69319e-09 7.72366e-09 2.02206e-08
1.32422e-08 9.72016e-09 9.52892e-09 1.99826e-08
1.32568e-08 1.0838e-08 1.14254e-08 2.00051e-08
1.32715e-08 1.20509e-08 1.34158e-08 2.03096e-08
1.32861e-08 1.33626e-08 1.55019e-08 2.09158e-08
1.33008e-08 1.47758e-08 1.76851e-08 2.18413e-08
1.33154e-08 1.62929e-08 1.99658e-08 2.31023e-08
1.33301e-08 1.79152e-08 2.23439e-08 2.47123e-08
1.33447e-08 1.96432e-08 2.48182e-08 2.66833e-08
1.33594e-08 2.14769e-08 2.7387e-08 2.90245e-08
1.3374e-08 2.34151e-08 3.00477e-08 3.17431e-08
1.33887e-08 2.54559e-08 3.27968e-08 3.48438e-08
1.34033e-08 2.75966e-08 3.56301e-08 3.8329e-08
1.3418e-08 2.98336e-08 3.85423e-08 4.21984e-08
1.34326e-08 3.21622e-08 4.15275e-08 4.64493e-08
1.34473e-08 3.45771e-08 4.45789e-08 5.10763e-08
1.34619e-08 3.7072e-08 4.76888e-08 5.60716e-08
1.34766e-08 2.9562e-07 8.51595e-07 5.59848e-07
1.34912e-08 1.97348e-07 2.82335e-07 4.55744e-07
1.35059e-08 6.42573e-08 7.62704e-08 4.56572e-07
1.35205e-08 1.68689e-08 1.7577e-08 3.16969e-07
1.35352e-08 3.49657e-09 2.45472e-09 2.00404e-07
1.35498e-08 1.158e-10 1.1955e-09 1.22492e-07
1.35645e-08 6.41602e-10 1.99296e-09 7.36713e-08
1.35791e-08 7.47293e-10 2.10318e-09 4.37986e-08
1.35937e-08 6.95844e-10 2.05075e-09 2.57263e-08
1.36084e-08 6.07042e-10 1.96012e-09 1.48881e-08
1.3623e-08 5.09397e-10 1.86052e-09 8.45951e-09
1.36377e-08 4.09718e-10 1.75886e-09 4.71278e-09
1.36523e-08 3.09728e-10 1.6569e-09 2.59576e-09
1.3667e-08 2.09973e-10 1.55517e-09 1.46845e-09
1.36816e-08 1.10726e-10 1.45395e-09 9.41732e-10
1.36963e-08 1.21942e-11 1.35345e-09 7.78913e-10
1.37109e-08 8.54285e-11 1.25386e-09 8.35934e-10
1.37256e-08 1.81954e-10 1.15537e-09 1.025e-09
1.37402e-08 2.77198e-10 1.05817e-09 1.29248e-09
1.37549e-08 3.70977e-10 9.62436e-10 1.60552e-09
1.37695e-08 4.63111e-10 8.68348e-10 1.94388e-09
1.37842e-08 5.53424e-10 7.76083e-10 2.29496e-09
1.37988e-08 6.41743e-10 6.85816e-10 2.65084e-09
1.38135e-08 7.27899e-10 5.97715e-10 3.00644e-09
1.38281e-08 8.11727e-10 5.11945e-10 3.3584e-09
1.38428e-08 8.93066e-10 4.28667e-10 3.70443e-09
1.38574e-08 9.7176e-10 3.48036e-10 4.04286e-09
1.38721e-08 1.04766e-09 2.70203e-10 4.37245e-09
1.38867e-08 1.12062e-09 1.95313e-10 4.6922e-09
1.39014e-08 1.1905e-09 1.23505e-10 5.00128e-09
1.3916e-08 1.25716e-09 5.49143e-11 5.29896e-09
1.39307e-08 1.32049e-09 1.03331e-11 5.58458e-09
1.39453e-08 1.38035e-09 7.21159e-11 5.85755e-09
1.396e-08 1.43664e-09 1.3032e-10 6.11731e-09
1.39746e-08 1.48924e-09 1.84838e-10 6.36335e-09
1.39893e-08 1.53806e-09 2.35569e-10 6.59518e-09
1.40039e-08 1.58301e-09 2.82421e-10 6.81235e-09
1.40186e-08 1.62399e-09 3.25308e-10 7.01444e-09
1.40332e-08 1.66093e-09 3.64153e-10 7.20106e-09
1.40479e-08 1.69376e-09 3.98885e-10 7.37185e-09
1.40625e-08 1.72242e-09 4.29443e-10 7.52649e-09
1.40771e-08 1.74686e-09 4.55771e-10 7.66467e-09
1.40918e-08 1.76702e-09 4.77825e-10 7.78613e-09
1.41064e-08 1.78287e-09 4.95567e-10 7.89065e-09
1.41211e-08 1.79439e-09 5.08968e-10 7.97801e-09
1.41357e-08 1.80154e-09 5.18006e-10 8.04806e-09
1.41504e-08 1.80432e-09 5.22669e-10 8.10067e-09
1.4165e-08 1.80273e-09 5.22953e-10 8.13573e-09
1.41797e-08 1.79676e-09 5.18863e-10 8.15317e-09
1.41943e-08 1.78644e-09 5.10411e-10 8.15298e-09
1.4209e-08 1.77178e-09 4.97618e-10 8.13515e-09
1.42236e-08 1.75281e-09 4.80515e-10 8.09972e-09
1.42383e-08 1.72957e-09 4.59138e-10 8.04675e-09
1.42529e-08 1.7021e-09 4.33535e-10 7.97636e-09
1.42676e-08 1.67047e-09 4.03759e-10 7.88869e-09
1.42822e-08 1.63472e-09 3.69873e-10 7.7839e-09
1.42969e-08 1.59495e-09 3.31948e-10 7.6622e-09
1.43115e-08 1.55121e-09 2.9006e-10 7.52383e-09
1.43262e-08 1.5036e-09 2.44297e-10 7.36906e-09
1.43408e-08 1.4522e-09 1.94751e-10 7.19818e-09
1.43555e-08 1.39713e-09 1.41523e-10 7.01154e-09
1.43701e-08 1.33849e-09 8.47203e-11 6.8095e-09
1.43848e-08 1.27639e-09 2.44574e-11 6.59244e-09
1.43994e-08 1.21096e-09 3.91444e-11 6.3608e-09
1.44141e-08 1.14231e-09 1.05957e-10 6.11501e-09
1.44287e-08 1.07059e-09 1.75848e-10 5.85557e-09
1.44434e-08 9.95937e-10 2.48676e-10 5.58296e-09
1.4458e-08 9.18493e-10 3.24297e-10 5.29772e-09
1.44727e-08 8.3841e-10 4.02558e-10 5.00041e-09
1.44873e-08 7.55844e-10 4.83306e-10 4.6916e-09
1.4502e-08 6.70956e-10 5.66378e-10 4.37189e-09
1.45166e-08 5.83911e-10 6.5161e-10 4.0419e-09
1.45312e-08 4.94878e-10 7.38833e-10 3.70226e-09
1.45459e-08 4.04031e-10 8.27873e-10 3.35365e-09
1.45605e-08 3.11546e-10 9.18553e-10 2.99673e-09
1.45752e-08 2.17602e-10 1.01069e-09 2.63219e-09
1.45898e-08 1.22383e-10 1.10411e-09 2.26075e-09
1.46045e-08 2.60738e-11 1.19863e-09 1.88312e-09
1.46191e-08 7.11389e-11 1.29404e-09 1.50003e-09
1.46338e-08 1.69066e-10 1.39018e-09 1.11223e-09
1.46484e-08 2.67517e-10 1.48684e-09 7.20467e-10
1.46631e-08 3.663e-10 1.58384e-09 3.255e-10
1.46777e-08 4.65229e-10 1.68098e-09 7.19051e-11
1.46924e-08 5.64099e-10 1.77807e-09 4.70978e-10
1.4707e-08 6.6272e-10 1.87491e-09 8.70947e-10
1.47217e-08 7.60915e-10 1.97133e-09 1.27104e-09
1.47363e-08 8.58474e-10 2.06712e-09 1.67047e-09
1.4751e-08 9.55226e-10 2.1621e-09 2.06847e-09
1.47656e-08 1.05097e-09 2.25608e-09 2.46428e-09
1.47803e-08 1.14553e-09 2.34887e-09 2.85711e-09
1.47949e-08 1.23871e-09 2.44028e-09 3.24622e-09
1.48096e-08 1.33034e-09 2.53015e-09 3.63084e-09
1.48242e-08 1.42023e-09 2.61829e-09 4.01024e-09
1.48389e-08 1.50822e-09 2.70452e-09 4.38367e-09
1.48535e-08 1.59412e-09 2.78867e-09 4.75042e-09
1.48682e-08 1.67778e-09 2.87058e-09 5.10978e-09
1.48828e-08 1.75902e-09 2.95007e-09 5.46104e-09
1.48975e-08 1.83771e-09 3.02702e-09 5.80352e-09
1.49121e-08 1.91367e-09 3.10123e-09 6.13657e-09
1.49268e-08 1.98676e-09 3.17258e-09 6.45953e-09
1.49414e-08 2.05685e-09 3.24093e-09 6.77178e-09
1.49561e-08 2.12379e-09 3.30614e-09 7.07272e-09
1.49707e-08 3.99278e-09 1.46612e-08 2.5391e-08
1.49854e-08 2.57792e-09 1.14953e-08 2.55959e-08
