#iterationErrorPl iterationErrorImpl costPl costImpl norm(gradPl) norm(gradImpl)
0 90448.9 90448.9 1.94632e-05 1.94633e-05 2.90512e-12 2.90524e-12
1 91247.5 91243.9 2.51958e-07 2.51953e-07 2.12319e-11 2.10037e-11
2 73814.5 73784 2.07744e-07 2.06907e-07 2.69994e-12 3.4571e-12
3 96230.3 81022.6 2.62475e-07 2.2397e-07 7.76982e-12 6.98307e-12
4 71524 71363.8 1.66019e-07 1.65151e-07 4.75941e-12 5.37918e-12
5 71500.1 71194.8 1.72741e-07 1.67211e-07 5.5086e-12 6.42376e-12
6 71185.3 71263.3 1.66647e-07 1.65032e-07 6.3219e-12 6.50672e-12
7 71248.2 71276.9 1.65078e-07 1.65014e-07 6.48076e-12 6.56946e-12
8 71273.4 71287.6 1.6502e-07 1.65009e-07 6.53306e-12 6.57212e-12
9 71282.2 71288.1 1.65014e-07 1.65009e-07 6.5581e-12 6.57367e-12
10 71286.5 71288.4 1.65012e-07 1.65009e-07 6.56655e-12 6.57372e-12
11 71287.9 71288.4 1.65012e-07 1.65009e-07 6.57049e-12 6.57375e-12
12 71288.6 71288.4 1.65012e-07 1.65009e-07 6.57233e-12 6.57376e-12
13 71288.9 71288.4 1.65012e-07 1.65009e-07 6.57318e-12 6.57376e-12
14 71289.1 71288.4 1.65012e-07 1.65009e-07 6.57357e-12 6.57376e-12
15 71289.1 71288.4 1.65012e-07 1.65009e-07 6.5739e-12 6.57376e-12
16 71289.2 71288.4 1.65012e-07 1.65009e-07 6.57391e-12 6.57376e-12
17 71289.2 71288.4 1.65012e-07 1.65009e-07 6.57391e-12 6.57376e-12
18 71289.2 71288.4 1.65012e-07 1.65009e-07 6.57391e-12 6.57376e-12
19 71289.2 71288.4 1.65012e-07 1.65009e-07 6.57391e-12 6.57376e-12
20 71289.2 71288.4 1.65012e-07 1.65009e-07 6.57391e-12 6.57376e-12
21 71289.2 71288.4 1.65012e-07 1.65009e-07 6.57392e-12 6.57376e-12
22 71289.2 71288.4 1.65012e-07 1.65009e-07 6.57392e-12 6.57376e-12
23 71289.2 71288.4 1.65012e-07 1.65009e-07 6.57392e-12 6.57376e-12
24 71289.2 71288.4 1.65012e-07 1.65009e-07 6.57393e-12 6.57376e-12
25 71289.2 71288.4 1.65012e-07 1.65009e-07 6.57394e-12 6.57377e-12
26 71289.2 71288.4 1.65012e-07 1.65009e-07 6.57396e-12 6.57377e-12
27 71289.2 71288.4 1.65012e-07 1.65009e-07 6.574e-12 6.57377e-12
28 71289.2 71288.4 1.65012e-07 1.65009e-07 6.57406e-12 6.57378e-12
29 71289.2 71288.4 1.65012e-07 1.65009e-07 6.57415e-12 6.57379e-12
30 71289.2 71288.4 1.65012e-07 1.65009e-07 6.5743e-12 6.57381e-12
31 71289.3 71288.4 1.65012e-07 1.65009e-07 6.57453e-12 6.57384e-12
32 71289.3 71288.4 1.65012e-07 1.65009e-07 6.57492e-12 6.57389e-12
33 71289.4 71288.4 1.65012e-07 1.65009e-07 6.57555e-12 6.57397e-12
34 71289.5 71288.4 1.65012e-07 1.65009e-07 6.57657e-12 6.57411e-12
35 71289.6 71288.4 1.65012e-07 1.65009e-07 6.57821e-12 6.57432e-12
36 71289.9 71288.5 1.65012e-07 1.65009e-07 6.58087e-12 6.57466e-12
37 71290.4 71288.5 1.65012e-07 1.65009e-07 6.58519e-12 6.57522e-12
38 71291.1 71288.6 1.65012e-07 1.65009e-07 6.59218e-12 6.57612e-12
39 71292.2 71288.8 1.65012e-07 1.65009e-07 6.60354e-12 6.57758e-12
40 71293.9 71289 1.65011e-07 1.65009e-07 6.62203e-12 6.57994e-12
41 71296.3 71289.4 1.6501e-07 1.65009e-07 6.6522e-12 6.58377e-12
42 71299.6 71290.1 1.65006e-07 1.65009e-07 6.70174e-12 6.58998e-12
43 71303.1 71291 1.64997e-07 1.65009e-07 6.78374e-12 6.60005e-12
44 71304 71292.6 1.64973e-07 1.65009e-07 6.92127e-12 6.61643e-12
45 71293.1 71294.8 1.64908e-07 1.65008e-07 7.15653e-12 6.64313e-12
46 71243.1 71297.9 1.64738e-07 1.65005e-07 7.57029e-12 6.6869e-12
47 71077.4 71301.5 1.64284e-07 1.64997e-07 8.32462e-12 6.75916e-12
48 70591.8 71303.5 1.63065e-07 1.64978e-07 9.75207e-12 6.88016e-12
49 69274.3 71297.1 1.59821e-07 1.64928e-07 1.24651e-11 7.08584e-12
50 66080 71261 1.51839e-07 1.64793e-07 1.64948e-11 7.44487e-12
51 59912.1 71135.7 1.34579e-07 1.64437e-07 2.02542e-11 8.09498e-12
52 47650.1 70759.3 9.0246e-08 1.63479e-07 6.66567e-12 9.31137e-12
53 25204.6 69720.9 2.00656e-08 1.60922e-07 2.7267e-12 1.16415e-11
54 17702.6 67108.2 6.93364e-09 1.54425e-07 3.69502e-12 1.55389e-11
55 11698.6 61729 3.25036e-09 1.40227e-07 2.08583e-12 1.87321e-11
56 7956.72 51959.3 1.35065e-09 1.0516e-07 4.67792e-13 3.88193e-12
57 2088.37 29126.8 8.29248e-11 2.12808e-08 6.80098e-14 7.03559e-12
58 410.597 23037 2.93698e-12 1.423e-08 7.4388e-15 9.29257e-13
59 19.0606 8526.64 8.75586e-15 1.3523e-09 3.11158e-15 8.88568e-13
60 9.2358 3278.07 1.87627e-15 2.2026e-10 1.50161e-15 2.33725e-13
61 4.26694 756.387 4.10672e-16 1.21012e-11 1.22685e-17 1.14478e-14
62 0.0149826 68.6251 1.17101e-20 8.42455e-14 4.85729e-18 2.93674e-16
63 0.00593499 1.59814 1.83371e-21 3.059e-15 2.27691e-18 2.57207e-19
64 0.00278192 0.288856 4.01875e-22 3.02671e-15 1.06677e-18 3.07659e-22
65 0.00130377 0.286597 8.77509e-23 3.02671e-15 6.36986e-22 3.5518e-22
66 2.28613e-07 0.286597 1.92928e-26 3.02671e-15 3.55277e-22 4.9855e-21
67 7.23847e-08 0.286593 1.92719e-26 3.02671e-15 3.87218e-22 2.51311e-22
68 2.23291e-07 0.286597 1.99745e-26 3.02671e-15 2.05331e-22 1.11884e-23
69 1.31905e-07 0.286597 1.97427e-26 3.02671e-15 2.72631e-23 1.75622e-22
70 2.32466e-07 0.286597 1.98884e-26 3.02671e-15 3.1111e-22 1.74886e-20
71 6.22528e-08 0.286721 1.99713e-26 3.02671e-15 3.25602e-23 1.79594e-20
72 8.35335e-08 0.286719 1.96016e-26 3.02671e-15 2.79135e-22 1.18203e-20
73 6.85739e-08 0.286517 1.96311e-26 3.02671e-15 3.2607e-22 1.09831e-20
74 9.59525e-08 0.286522 1.92753e-26 3.02671e-15 7.44778e-23 1.06624e-20
75 2.99453e-07 0.286526 1.95054e-26 3.02671e-15 8.66284e-23 3.91049e-22
76 1.83524e-07 0.286602 1.97477e-26 3.02671e-15 6.78029e-22 6.00315e-22
77 1.27629e-07 0.286602 2.01605e-26 3.02671e-15 2.85438e-22 8.24696e-22
78 4.52759e-07 0.286604 1.95588e-26 3.02671e-15 5.52392e-22 9.8751e-23
79 7.43709e-08 0.286596 2.0224e-26 3.02671e-15 3.83511e-22 4.61447e-22
80 5.40388e-08 0.286597 1.96641e-26 3.02671e-15 2.61998e-22 5.56923e-22
81 4.18764e-08 0.286597 1.95611e-26 3.02671e-15 6.92533e-23 8.18235e-22
82 9.39393e-08 0.286597 1.97074e-26 3.02671e-15 2.11034e-22 1.7873e-21
83 6.12012e-08 0.286592 2.03768e-26 3.02671e-15 1.15795e-23 3.82142e-23
84 4.52875e-08 0.286597 1.97988e-26 3.02671e-15 6.5702e-22 1.09345e-21
85 4.46698e-08 0.286597 1.95135e-26 3.02671e-15 8.17747e-23 4.69612e-22
86 7.32617e-08 0.286597 1.98552e-26 3.02671e-15 4.31726e-22 9.30032e-22
87 4.33961e-08 0.286597 2.05112e-26 3.02671e-15 4.11404e-23 9.19321e-22
88 5.16148e-08 0.286597 1.94953e-26 3.02671e-15 6.17889e-22 3.42194e-22
89 4.9303e-08 0.286597 1.96316e-26 3.02671e-15 6.47566e-22 7.32383e-22
90 5.00601e-08 0.286597 2.06674e-26 3.02671e-15 4.96564e-22 4.98054e-22
91 4.97926e-08 0.286597 1.97175e-26 3.02671e-15 2.18269e-22 1.31474e-22
92 4.97912e-08 0.286597 2.00165e-26 3.02671e-15 4.84899e-22 1.31474e-22
93 4.95494e-08 0.286597 2.00686e-26 3.02671e-15 6.26302e-22 1.31474e-22
94 4.95596e-08 0.286597 1.97396e-26 3.02671e-15 3.9983e-22 1.31474e-22
95 4.92882e-08 0.286597 1.97052e-26 3.02671e-15 8.65624e-22 1.31474e-22
96 4.51038e-08 0.286597 2.07829e-26 3.02671e-15 2.92527e-21 1.31474e-22
97 2.07655e-05 0.286597 1.6951e-26 3.02671e-15 1.71007e-21 1.31474e-22
98 9.73768e-06 0.286597 1.65093e-26 3.02671e-15 8.64078e-22 1.31474e-22
99 4.55457e-06 0.286597 1.75709e-26 3.02671e-15 8.64078e-22 1.31474e-22
