0 -4.06212 0.424417
0.1 -3.99961 0.827507
0.2 -3.8972 1.22235
0.3 -3.75591 1.60501
0.4 -3.57717 1.97167
0.5 -3.36274 2.31867
0.6 -3.11477 2.64256
0.7 -2.83573 2.94009
0.8 -2.52842 3.20831
0.9 -2.19588 3.44455
1 -1.84144 3.64644
1.1 -1.46863 3.81197
1.2 -1.08117 3.9395
1.3 -0.682932 4.02775
1.4 -0.277876 4.07585
1.5 0.129957 4.08332
1.6 0.5365 4.05007
1.7 0.937701 3.97646
1.8 1.32956 3.8632
1.9 1.70817 3.71144
2 2.06976 3.52267
2.1 2.41072 3.2988
2.2 2.72767 3.04205
2.3 3.01743 2.75497
2.4 3.27712 2.44044
2.5 3.50416 2.10158
2.6 3.69628 1.74178
2.7 3.85157 1.36461
2.8 3.96848 0.973851
2.9 4.04586 0.57338
3 4.08292 0.167194
3.1 4.07929 5.50518e-05
3.2 4.0463 -4.76196e-07
3.3 4.00438 -4.76196e-07
3.4 3.96248 -4.76196e-07
3.5 3.92061 -4.76196e-07
3.6 3.87877 -4.76196e-07
3.7 3.83695 -4.76196e-07
3.8 3.79516 -4.76196e-07
3.9 3.75339 -4.76196e-07
4 3.71166 -4.76196e-07
4.1 3.66994 -4.76196e-07
4.2 3.62826 -4.76196e-07
4.3 3.5866 -4.76196e-07
4.4 3.54496 -4.76196e-07
4.5 3.50335 -4.76196e-07
4.6 3.46177 -4.76196e-07
4.7 3.42021 -4.76196e-07
4.8 3.37868 -4.76196e-07
4.9 3.33718 -4.76196e-07
5 3.2957 -4.76196e-07
5.1 3.25427 -0.414463
5.2 3.20388 -0.594941
5.3 3.12868 -0.911314
5.4 3.02232 -1.21861
5.5 2.88586 -1.51378
5.6 2.72067 -1.79387
5.7 2.52839 -2.0561
5.8 2.31094 -2.29786
5.9 2.07047 -2.51675
6 1.8094 -2.71058
6.1 1.53031 -2.87743
6.2 1.23599 -3.01563
6.3 0.929369 -3.12382
6.4 0.613496 -3.20091
6.5 0.291518 -3.24615
6.6 -0.0333606 -3.25907
6.7 -0.357906 -3.23957
6.8 -0.678889 -3.18783
6.9 -0.993115 -3.10436
7 -1.29746 -2.99001
7.1 -1.58889 -2.84591
7.2 -1.86451 -2.67349
7.3 -2.12158 -2.47448
7.4 -2.35754 -2.25085
7.5 -2.57005 -2.00484
7.6 -2.75699 -1.73888
7.7 -2.91651 -1.45563
7.8 -3.04701 -1.1579
7.9 -3.14722 -0.848663
8 -3.21611 -0.530986
8.1 -3.25303 -0.208033
8.2 -3.2576 0.116947
8.3 -3.23162 -8.75627e-07
8.4 -3.19136 -8.75627e-07
8.5 -3.15115 -8.75627e-07
8.6 -3.11099 -8.75627e-07
8.7 -3.07089 -8.75627e-07
8.8 -3.03084 -8.75627e-07
8.9 -2.99084 -8.75627e-07
9 -2.95089 -8.75627e-07
9.1 -2.91099 -8.75627e-07
9.2 -2.87115 -8.75627e-07
9.3 -2.83136 -8.75627e-07
9.4 -2.79162 -8.75627e-07
9.5 -2.75194 -8.75627e-07
9.6 -2.7123 -8.75627e-07
9.7 -2.67272 -8.75627e-07
9.8 -2.63319 -8.75627e-07
9.9 -2.59372 -8.75627e-07
10 -2.55429 -8.75627e-07
10.1 -2.51492 -8.75627e-07
10.2 -2.4756 3.63125e-05
10.3 -2.43494 0.421301
10.4 -2.38091 0.661577
10.5 -2.30324 0.895274
10.6 -2.20269 1.12007
10.7 -2.08028 1.33374
10.8 -1.9372 1.53415
10.9 -1.7749 1.71932
11 -1.59499 1.88742
11.1 -1.39924 2.03677
11.2 -1.18961 2.16589
11.3 -0.968178 2.2735
11.4 -0.737146 2.35855
11.5 -0.498807 2.42018
11.6 -0.255528 2.45779
11.7 -0.00972338 2.471
11.8 0.236166 2.45969
11.9 0.479701 2.42398
12 0.718465 2.36421
12.1 0.950089 2.28099
12.2 1.17228 2.17515
12.3 1.38282 2.04773
12.4 1.57964 1.90001
12.5 1.76078 1.73345
12.6 1.92445 1.5497
12.7 2.06902 1.35059
12.8 2.19307 1.1381
12.9 2.29536 0.914341
13 2.37489 0.681523
13.1 2.43086 0.441961
13.2 2.46273 0.198031
13.3 2.47019 -0.0478478
13.4 2.45313 0.000113036
13.5 2.41993 7.70906e-07
13.6 2.38286 7.70906e-07
13.7 2.34586 7.70906e-07
13.8 2.30895 7.70906e-07
13.9 2.27211 7.70906e-07
14 2.23535 7.70906e-07
14.1 2.19868 7.70906e-07
14.2 2.16207 7.70906e-07
14.3 2.12555 7.70906e-07
14.4 2.08911 7.70906e-07
14.5 2.05274 7.70906e-07
14.6 2.01646 7.70906e-07
14.7 1.98025 7.70906e-07
14.8 1.94412 7.70906e-07
14.9 1.90807 7.70906e-07
15 1.87209 7.70906e-07
15.1 1.8362 7.70906e-07
15.2 1.80038 7.70906e-07
15.3 1.76464 7.70906e-07
15.4 1.72901 -0.356483
15.5 1.68772 -0.471343
15.6 1.6325 -0.63658
15.7 1.56115 -0.795503
15.8 1.47438 -0.946541
15.9 1.37306 -1.0882
16 1.25817 -1.21909
16.1 1.13087 -1.33792
16.2 0.992419 -1.44351
16.3 0.84418 -1.53482
16.4 0.687622 -1.61096
16.5 0.524296 -1.67118
16.6 0.355815 -1.71488
16.7 0.183846 -1.74164
16.8 0.0100862 -1.75119
16.9 -0.163747 -1.74346
17 -0.335936 -1.71851
17.1 -0.504783 -1.6766
17.2 -0.668622 -1.61815
17.3 -0.825835 -1.54374
17.4 -0.974874 -1.45411
17.5 -1.11427 -1.35014
17.6 -1.24265 -1.23286
17.7 -1.35875 -1.10344
17.8 -1.46142 -0.963155
17.9 -1.54966 -0.813392
18 -1.62261 -0.655631
18.1 -1.67953 -0.49143
18.2 -1.71989 -0.32241
18.3 -1.74328 -0.150239
18.4 -1.74948 0.0233836
18.5 -1.73843 0.196596
18.6 -1.71222 -3.17384e-06
18.7 -1.67953 -3.17384e-06
18.8 -1.64695 -3.17384e-06
18.9 -1.61447 -3.17384e-06
19 -1.58209 -3.17384e-06
19.1 -1.54982 -3.17384e-06
19.2 -1.51766 -3.17384e-06
19.3 -1.4856 -3.17384e-06
19.4 -1.45364 -3.17384e-06
19.5 -1.42179 -3.17384e-06
19.6 -1.39004 -3.17384e-06
19.7 -1.3584 -3.17384e-06
19.8 -1.32687 -3.17384e-06
19.9 -1.29543 -3.17384e-06
20 -1.26411 -3.17384e-06
20.1 -1.23288 -3.17384e-06
20.2 -1.20177 -3.17384e-06
20.3 -1.17075 -3.17384e-06
20.4 -1.13985 -3.17384e-06
20.5 -1.10905 0.000145581
20.6 -1.0771 0.332613
20.7 -1.03877 0.437369
20.8 -0.990277 0.537796
20.9 -0.932114 0.632915
21 -0.864851 0.721798
21.1 -0.789153 0.803576
21.2 -0.705766 0.877456
21.3 -0.615511 0.942717
21.4 -0.519274 0.998727
21.5 -0.418 1.04494
21.6 -0.312685 1.08092
21.7 -0.204358 1.10631
21.8 -0.0940833 1.12087
21.9 0.0170615 1.12447
22 0.127989 1.11708
22.1 0.237615 1.09877
22.2 0.344869 1.06974
22.3 0.448705 1.03027
22.4 0.548109 0.980754
22.5 0.642115 0.921683
22.6 0.729807 0.85364
22.7 0.810333 0.777295
22.8 0.882911 0.693397
22.9 0.946838 0.602772
23 1.00149 0.506307
23.1 1.04635 0.404948
23.2 1.08098 0.299686
23.3 1.10505 0.191551
23.4 1.11834 0.081599
23.5 1.12071 -0.0290958
23.6 1.11215 -0.139454
23.7 1.09274 9.8205e-05
23.8 1.0669 3.42345e-06
23.9 1.04008 3.42345e-06
24 1.01339 3.42345e-06
24.1 0.986832 3.42345e-06
24.2 0.960405 3.42345e-06
24.3 0.934108 3.42345e-06
24.4 0.907942 3.42345e-06
24.5 0.881907 3.42345e-06
24.6 0.856003 3.42345e-06
24.7 0.83023 3.42345e-06
24.8 0.804587 3.42345e-06
24.9 0.779075 3.42345e-06
25 0.753695 3.42345e-06
25.1 0.728445 3.42345e-06
25.2 0.703326 3.42345e-06
25.3 0.678337 3.42345e-06
25.4 0.65348 3.42345e-06
25.5 0.628754 3.42345e-06
25.6 0.604158 3.42345e-06
25.7 0.579706 -0.244551
25.8 0.553199 -0.288351
25.9 0.522 -0.34082
26 0.485851 -0.389946
26.1 0.445107 -0.435265
26.2 0.400166 -0.476349
26.3 0.351466 -0.512814
26.4 0.299481 -0.54432
26.5 0.244712 -0.570573
26.6 0.18769 -0.591334
26.7 0.128963 -0.606414
26.8 0.0690946 -0.615679
26.9 0.00865964 -0.619052
27 -0.0517643 -0.616512
27.1 -0.111601 -0.608094
27.2 -0.17028 -0.59389
27.3 -0.227244 -0.574045
27.4 -0.281954 -0.54876
27.5 -0.333892 -0.518286
27.6 -0.382569 -0.482923
27.7 -0.427528 -0.443016
27.8 -0.468347 -0.398955
27.9 -0.504647 -0.351167
28 -0.536089 -0.300112
28.1 -0.562385 -0.246284
28.2 -0.583295 -0.190198
28.3 -0.598629 -0.132392
28.4 -0.608253 -0.0734182
28.5 -0.612086 -0.013839
28.6 -0.610103 0.045779
28.7 -0.602333 0.10487
28.8 -0.588857 0.162539
28.9 -0.570805 -6.12156e-06
29 -0.551081 -6.12156e-06
29.1 -0.531515 -6.12156e-06
29.2 -0.512105 -6.12156e-06
29.3 -0.492853 -6.12156e-06
29.4 -0.473759 -6.12156e-06
29.5 -0.454821 -6.12156e-06
29.6 -0.436041 -6.12156e-06
29.7 -0.417418 -6.12156e-06
29.8 -0.398952 -6.12156e-06
29.9 -0.380643 -6.12156e-06
30 -0.362492 -6.12156e-06
30.1 -0.344498 -6.12156e-06
30.2 -0.326661 -6.12156e-06
30.3 -0.308981 -6.12156e-06
30.4 -0.291459 -6.12156e-06
30.5 -0.274094 -6.12156e-06
30.6 -0.256886 -6.12156e-06
30.7 -0.239836 -6.12156e-06
30.8 -0.222947 0.000328652
30.9 -0.205863 0.17511
31 -0.187674 0.193229
31.1 -0.167922 0.209472
31.2 -0.1468 0.223711
31.3 -0.124511 0.235831
31.4 -0.101264 0.245744
31.5 -0.0772776 0.253378
31.6 -0.0527738 0.258684
31.7 -0.027977 0.261635
31.8 -0.00311189 0.262225
31.9 0.0215983 0.260469
32 0.045934 0.256403
32.1 0.0696815 0.250083
32.2 0.0926344 0.241587
32.3 0.114595 0.231008
32.4 0.135378 0.218458
32.5 0.154809 0.204067
32.6 0.172728 0.187978
32.7 0.188991 0.170349
32.8 0.203467 0.151348
32.9 0.216046 0.131154
33 0.226635 0.109957
33.1 0.235157 0.0879515
33.2 0.241557 0.0653365
33.3 0.245798 0.0423156
33.4 0.247862 0.0190933
33.5 0.24775 -0.00412625
33.6 0.245482 -0.0271413
33.7 0.241099 -0.049754
33.8 0.234655 -0.0717721
33.9 0.226226 -0.092991
34 0.215905 2.94638e-05
34.1 0.204669 6.9843e-06
34.2 0.193528 6.9843e-06
34.3 0.18257 6.9843e-06
34.4 0.171796 6.9843e-06
34.5 0.161205 6.9843e-06
34.6 0.150798 6.9843e-06
34.7 0.140574 6.9843e-06
34.8 0.130534 6.9843e-06
34.9 0.120677 6.9843e-06
35 0.111003 6.9843e-06
35.1 0.101513 6.9843e-06
35.2 0.092206 6.9843e-06
35.3 0.0830826 6.9843e-06
35.4 0.0741427 6.9843e-06
35.5 0.0653863 6.9843e-06
35.6 0.0568133 6.9843e-06
35.7 0.0484238 6.9843e-06
35.8 0.0402177 6.9843e-06
35.9 0.0321951 -1.26025e-05
36 0.0243528 -0.0784024
36.1 0.0166774 -0.0786174
36.2 0.00919728 -0.078104
36.3 0.001984 -0.0768924
36.4 -0.00489874 -0.0750306
36.5 -0.0113942 -0.0725721
36.6 -0.0174529 -0.0695754
36.7 -0.0230332 -0.0661025
36.8 -0.0281015 -0.0622184
36.9 -0.0326322 -0.05799
37 -0.0366079 -0.0534851
37.1 -0.0400194 -0.0487713
37.2 -0.0428653 -0.0439155
37.3 -0.0451517 -0.0389824
37.4 -0.0468922 -0.0340343
37.5 -0.0481068 -0.0291298
37.6 -0.0488218 -0.0243234
37.7 -0.0490691 -0.0196646
37.8 -0.0488852 -0.0151978
37.9 -0.0483107 -0.0109613
38 -0.0473896 -0.00698745
38.1 -0.0461682 -0.00330194
38.2 -0.0446943 7.59958e-05
38.3 -0.0430167 0.00313378
38.4 -0.0411837 0.00586543
38.5 -0.0392429 0.00827137
38.6 -0.0372403 0.0103582
38.7 -0.0352191 0.0121383
38.8 -0.0332195 0.0136294
38.9 -0.031278 0.0148541
39 -0.0294265 0.0158395
39.1 -0.027691 0.0160187
39.2 -0.0261208 -9.44726e-06
39.3 -0.0247573 -9.44726e-06
39.4 -0.0236035 -9.44726e-06
39.5 -0.0226594 -9.44726e-06
39.6 -0.0219252 -9.44726e-06
39.7 -0.0214007 -9.44726e-06
39.8 -0.021086 -9.44726e-06
39.9 -8.63674e-26 -8.63674e-26
