-3 -3 159.291
-3 -2.9 152.878
-3 -2.8 146.822
-3 -2.7 140.441
-3 -2.6 134.691
-3 -2.5 128.959
-3 -2.4 123.417
-3 -2.3 117.789
-3 -2.2 112.264
-3 -2.1 107.021
-3 -2 101.905
-3 -1.9 97.0164
-3 -1.8 92.0581
-3 -1.7 87.4462
-3 -1.6 82.6641
-3 -1.5 78.2563
-3 -1.4 74.6282
-3 -1.3 70.9026
-3 -1.2 67.3742
-3 -1.1 64.1293
-3 -1 61.0004
-3 -0.9 58.1936
-3 -0.8 55.5911
-3 -0.7 53.3108
-3 -0.6 51.1591
-3 -0.5 49.3037
-3 -0.4 47.6943
-3 -0.3 46.5366
-3 -0.2 45.6261
-3 -0.1 44.8444
-3 0 44.57
-3 0.1 44.3841
-3 0.2 44.9447
-3 0.3 45.5736
-3 0.4 46.412
-3 0.5 48.0986
-3 0.6 49.7385
-3 0.7 52.3316
-3 0.8 55.0779
-3 0.9 58.1546
-3 1 61.7788
-3 1.1 65.314
-3 1.2 69.3807
-3 1.3 73.6336
-3 1.4 77.6638
-3 1.5 81.148
-3 1.6 85.5627
-3 1.7 90.1289
-3 1.8 95.0633
-3 1.9 99.8084
-3 2 104.442
-3 2.1 108.9
-3 2.2 113.596
-3 2.3 118.446
-3 2.4 122.982
-3 2.5 127.212
-3 2.6 131.552
-3 2.7 136.023
-3 2.8 140.562
-3 2.9 145.042

-2.9 -3 155.263
-2.9 -2.9 148.749
-2.9 -2.8 142.481
-2.9 -2.7 136.351
-2.9 -2.6 130.519
-2.9 -2.5 124.658
-2.9 -2.4 118.82
-2.9 -2.3 113.065
-2.9 -2.2 107.503
-2.9 -2.1 102.233
-2.9 -2 96.9693
-2.9 -1.9 91.7077
-2.9 -1.8 86.5057
-2.9 -1.7 81.6955
-2.9 -1.6 77.2862
-2.9 -1.5 73.1052
-2.9 -1.4 69.3795
-2.9 -1.3 65.7353
-2.9 -1.2 62.0456
-2.9 -1.1 58.77
-2.9 -1 55.8446
-2.9 -0.9 53.0307
-2.9 -0.8 50.4968
-2.9 -0.7 48.1675
-2.9 -0.6 45.9395
-2.9 -0.5 44.1076
-2.9 -0.4 42.5199
-2.9 -0.3 41.1863
-2.9 -0.2 40.2795
-2.9 -0.1 39.6063
-2.9 0 38.9921
-2.9 0.1 38.7178
-2.9 0.2 38.9405
-2.9 0.3 39.4777
-2.9 0.4 40.1874
-2.9 0.5 41.5169
-2.9 0.6 43.401
-2.9 0.7 45.8995
-2.9 0.8 48.5705
-2.9 0.9 51.4798
-2.9 1 55.2924
-2.9 1.1 59.0557
-2.9 1.2 63.225
-2.9 1.3 67.5448
-2.9 1.4 71.9774
-2.9 1.5 76.0978
-2.9 1.6 80.4973
-2.9 1.7 84.9584
-2.9 1.8 90.3166
-2.9 1.9 95.3681
-2.9 2 100.321
-2.9 2.1 105.213
-2.9 2.2 109.903
-2.9 2.3 114.42
-2.9 2.4 119.072
-2.9 2.5 123.745
-2.9 2.6 127.925
-2.9 2.7 132.954
-2.9 2.8 137.322
-2.9 2.9 141.914

-2.8 -3 151.233
-2.8 -2.9 144.908
-2.8 -2.8 138.596
-2.8 -2.7 132.4
-2.8 -2.6 126.166
-2.8 -2.5 120.217
-2.8 -2.4 114.431
-2.8 -2.3 108.741
-2.8 -2.2 103.23
-2.8 -2.1 97.6185
-2.8 -2 92.0678
-2.8 -1.9 86.6678
-2.8 -1.8 81.7557
-2.8 -1.7 77.1168
-2.8 -1.6 72.6901
-2.8 -1.5 68.6007
-2.8 -1.4 64.5976
-2.8 -1.3 60.8091
-2.8 -1.2 57.3277
-2.8 -1.1 54.0659
-2.8 -1 51.1183
-2.8 -0.9 48.4404
-2.8 -0.8 46.1214
-2.8 -0.7 43.9712
-2.8 -0.6 41.9448
-2.8 -0.5 40.1992
-2.8 -0.4 38.6371
-2.8 -0.3 37.2696
-2.8 -0.2 36.1455
-2.8 -0.1 35.198
-2.8 0 34.5729
-2.8 0.1 34.0281
-2.8 0.2 33.9047
-2.8 0.3 34.064
-2.8 0.4 34.4939
-2.8 0.5 35.6893
-2.8 0.6 37.1449
-2.8 0.7 39.5249
-2.8 0.8 42.0377
-2.8 0.9 45.2103
-2.8 1 48.6865
-2.8 1.1 52.7464
-2.8 1.2 57.024
-2.8 1.3 61.5207
-2.8 1.4 66.1146
-2.8 1.5 70.7546
-2.8 1.6 75.5957
-2.8 1.7 80.2031
-2.8 1.8 85.1787
-2.8 1.9 91.3358
-2.8 2 96.4959
-2.8 2.1 101.27
-2.8 2.2 106.083
-2.8 2.3 110.764
-2.8 2.4 115.575
-2.8 2.5 120.312
-2.8 2.6 124.677
-2.8 2.7 129.835
-2.8 2.8 134.256
-2.8 2.9 138.923

-2.7 -3 147.133
-2.7 -2.9 140.633
-2.7 -2.8 134.407
-2.7 -2.7 127.931
-2.7 -2.6 121.972
-2.7 -2.5 115.995
-2.7 -2.4 110.129
-2.7 -2.3 104.199
-2.7 -2.2 98.571
-2.7 -2.1 92.7944
-2.7 -2 87.4593
-2.7 -1.9 82.6204
-2.7 -1.8 77.4942
-2.7 -1.7 72.9911
-2.7 -1.6 68.483
-2.7 -1.5 64.1618
-2.7 -1.4 60.16
-2.7 -1.3 56.5457
-2.7 -1.2 53.4054
-2.7 -1.1 50.1913
-2.7 -1 47.4386
-2.7 -0.9 45.0042
-2.7 -0.8 42.8268
-2.7 -0.7 40.8669
-2.7 -0.6 39.1171
-2.7 -0.5 37.5851
-2.7 -0.4 36.0766
-2.7 -0.3 34.7753
-2.7 -0.2 33.5574
-2.7 -0.1 32.4694
-2.7 0 31.4662
-2.7 0.1 30.7196
-2.7 0.2 30.1914
-2.7 0.3 29.8554
-2.7 0.4 30.0529
-2.7 0.5 30.5902
-2.7 0.6 31.8211
-2.7 0.7 33.6188
-2.7 0.8 36.0574
-2.7 0.9 38.9397
-2.7 1 42.5312
-2.7 1.1 46.6208
-2.7 1.2 50.8787
-2.7 1.3 55.6633
-2.7 1.4 60.5458
-2.7 1.5 65.3858
-2.7 1.6 70.5625
-2.7 1.7 75.527
-2.7 1.8 80.6375
-2.7 1.9 87.3162
-2.7 2 92.4201
-2.7 2.1 97.3227
-2.7 2.2 102.358
-2.7 2.3 107.069
-2.7 2.4 112.206
-2.7 2.5 117.036
-2.7 2.6 121.852
-2.7 2.7 126.819
-2.7 2.8 131.195
-2.7 2.9 136.05

-2.6 -3 143.783
-2.6 -2.9 137.392
-2.6 -2.8 130.758
-2.6 -2.7 124.587
-2.6 -2.6 118.436
-2.6 -2.5 112.164
-2.6 -2.4 106.232
-2.6 -2.3 100.268
-2.6 -2.2 94.4731
-2.6 -2.1 88.7655
-2.6 -2 83.4191
-2.6 -1.9 78.6462
-2.6 -1.8 73.7458
-2.6 -1.7 68.8507
-2.6 -1.6 64.2614
-2.6 -1.5 60.1916
-2.6 -1.4 56.3833
-2.6 -1.3 52.9348
-2.6 -1.2 49.8498
-2.6 -1.1 47.3307
-2.6 -1 44.8756
-2.6 -0.9 42.76
-2.6 -0.8 40.9427
-2.6 -0.7 39.3416
-2.6 -0.6 37.9094
-2.6 -0.5 36.6178
-2.6 -0.4 35.3625
-2.6 -0.3 34.1229
-2.6 -0.2 32.8395
-2.6 -0.1 31.5823
-2.6 0 30.3413
-2.6 0.1 29.1982
-2.6 0.2 28.1905
-2.6 0.3 27.4073
-2.6 0.4 26.8751
-2.6 0.5 26.8403
-2.6 0.6 27.5068
-2.6 0.7 28.7333
-2.6 0.8 30.5849
-2.6 0.9 33.1683
-2.6 1 36.5298
-2.6 1.1 40.6224
-2.6 1.2 44.9206
-2.6 1.3 49.715
-2.6 1.4 54.8282
-2.6 1.5 60.1906
-2.6 1.6 65.6077
-2.6 1.7 70.9842
-2.6 1.8 76.5635
-2.6 1.9 82.7483
-2.6 2 88.5079
-2.6 2.1 93.6212
-2.6 2.2 98.567
-2.6 2.3 103.675
-2.6 2.4 108.898
-2.6 2.5 113.788
-2.6 2.6 118.874
-2.6 2.7 123.775
-2.6 2.8 128.446
-2.6 2.9 133.192

-2.5 -3 140.69
-2.5 -2.9 133.885
-2.5 -2.8 127.532
-2.5 -2.7 121.038
-2.5 -2.6 114.739
-2.5 -2.5 108.641
-2.5 -2.4 102.237
-2.5 -2.3 96.3564
-2.5 -2.2 90.5613
-2.5 -2.1 85.1754
-2.5 -2 80.1202
-2.5 -1.9 74.9957
-2.5 -1.8 69.9354
-2.5 -1.7 65.2
-2.5 -1.6 60.8384
-2.5 -1.5 56.9136
-2.5 -1.4 53.4097
-2.5 -1.3 50.2299
-2.5 -1.2 47.5331
-2.5 -1.1 45.3415
-2.5 -1 43.3754
-2.5 -0.9 41.8156
-2.5 -0.8 40.513
-2.5 -0.7 39.4625
-2.5 -0.6 38.5395
-2.5 -0.5 37.7052
-2.5 -0.4 36.8206
-2.5 -0.3 35.7902
-2.5 -0.2 34.4935
-2.5 -0.1 33.0482
-2.5 0 31.5052
-2.5 0.1 29.9099
-2.5 0.2 28.3596
-2.5 0.3 26.8791
-2.5 0.4 25.5409
-2.5 0.5 24.7613
-2.5 0.6 24.4077
-2.5 0.7 24.7728
-2.5 0.8 25.9927
-2.5 0.9 28.1084
-2.5 1 31.1342
-2.5 1.1 34.9145
-2.5 1.2 39.2817
-2.5 1.3 44.0847
-2.5 1.4 49.4917
-2.5 1.5 55.1221
-2.5 1.6 60.8356
-2.5 1.7 66.8093
-2.5 1.8 72.2416
-2.5 1.9 78.4101
-2.5 2 84.6251
-2.5 2.1 90.0418
-2.5 2.2 95.2179
-2.5 2.3 100.307
-2.5 2.4 105.731
-2.5 2.5 111.114
-2.5 2.6 116
-2.5 2.7 121.076
-2.5 2.8 125.822
-2.5 2.9 130.627

-2.4 -3 137.079
-2.4 -2.9 130.91
-2.4 -2.8 124.059
-2.4 -2.7 117.77
-2.4 -2.6 111.258
-2.4 -2.5 105.003
-2.4 -2.4 98.8954
-2.4 -2.3 92.9475
-2.4 -2.2 87.3064
-2.4 -2.1 81.9909
-2.4 -2 76.6045
-2.4 -1.9 71.2397
-2.4 -1.8 66.4048
-2.4 -1.7 61.9981
-2.4 -1.6 57.9184
-2.4 -1.5 54.2488
-2.4 -1.4 51.109
-2.4 -1.3 48.4944
-2.4 -1.2 46.3341
-2.4 -1.1 44.6309
-2.4 -1 43.3264
-2.4 -0.9 42.4052
-2.4 -0.8 41.7476
-2.4 -0.7 41.2831
-2.4 -0.6 40.9231
-2.4 -0.5 40.6142
-2.4 -0.4 40.2133
-2.4 -0.3 39.4594
-2.4 -0.2 38.3023
-2.4 -0.1 36.9403
-2.4 0 35.1503
-2.4 0.1 33.1322
-2.4 0.2 30.9189
-2.4 0.3 28.652
-2.4 0.4 26.4381
-2.4 0.5 24.4737
-2.4 0.6 23.0163
-2.4 0.7 22.4257
-2.4 0.8 22.5449
-2.4 0.9 24.0436
-2.4 1 26.3671
-2.4 1.1 29.5462
-2.4 1.2 33.6966
-2.4 1.3 38.7062
-2.4 1.4 44.2098
-2.4 1.5 50.0785
-2.4 1.6 56.2645
-2.4 1.7 62.3001
-2.4 1.8 68.2485
-2.4 1.9 74.2365
-2.4 2 80.8049
-2.4 2.1 86.6503
-2.4 2.2 91.9152
-2.4 2.3 97.1931
-2.4 2.4 102.595
-2.4 2.5 108.31
-2.4 2.6 113.339
-2.4 2.7 118.513
-2.4 2.8 123.298
-2.4 2.9 128.108

-2.3 -3 134.239
-2.3 -2.9 127.268
-2.3 -2.8 120.619
-2.3 -2.7 114.621
-2.3 -2.6 108.135
-2.3 -2.5 101.652
-2.3 -2.4 95.712
-2.3 -2.3 89.87
-2.3 -2.2 84.2947
-2.3 -2.1 78.6781
-2.3 -2 73.1209
-2.3 -1.9 68.0792
-2.3 -1.8 63.4747
-2.3 -1.7 59.2819
-2.3 -1.6 55.6611
-2.3 -1.5 52.4488
-2.3 -1.4 49.799
-2.3 -1.3 47.6988
-2.3 -1.2 46.2268
-2.3 -1.1 45.2373
-2.3 -1 44.7156
-2.3 -0.9 44.5077
-2.3 -0.8 44.6751
-2.3 -0.7 45.0237
-2.3 -0.6 45.3181
-2.3 -0.5 45.5702
-2.3 -0.4 45.6101
-2.3 -0.3 45.1889
-2.3 -0.2 44.3079
-2.3 -0.1 42.836
-2.3 0 41.0259
-2.3 0.1 38.6504
-2.3 0.2 35.8729
-2.3 0.3 32.8329
-2.3 0.4 29.5789
-2.3 0.5 26.333
-2.3 0.6 23.656
-2.3 0.7 21.6175
-2.3 0.8 20.743
-2.3 0.9 20.8063
-2.3 1 22.3918
-2.3 1.1 25.028
-2.3 1.2 28.9285
-2.3 1.3 33.6724
-2.3 1.4 39.0411
-2.3 1.5 45.4436
-2.3 1.6 51.6796
-2.3 1.7 58.0228
-2.3 1.8 64.3281
-2.3 1.9 70.5181
-2.3 2 76.9995
-2.3 2.1 83.3338
-2.3 2.2 88.7454
-2.3 2.3 94.3537
-2.3 2.4 100.018
-2.3 2.5 105.595
-2.3 2.6 110.794
-2.3 2.7 115.828
-2.3 2.8 120.893
-2.3 2.9 125.712

-2.2 -3 131.073
-2.2 -2.9 124.441
-2.2 -2.8 117.896
-2.2 -2.7 111.303
-2.2 -2.6 104.757
-2.2 -2.5 98.8766
-2.2 -2.4 92.8596
-2.2 -2.3 87.0573
-2.2 -2.2 81.2432
-2.2 -2.1 75.3317
-2.2 -2 70.1078
-2.2 -1.9 65.4894
-2.2 -1.8 61.1239
-2.2 -1.7 57.385
-2.2 -1.6 53.908
-2.2 -1.5 51.2607
-2.2 -1.4 49.3008
-2.2 -1.3 47.9349
-2.2 -1.2 47.2719
-2.2 -1.1 47.2017
-2.2 -1 47.708
-2.2 -0.9 48.4707
-2.2 -0.8 49.2727
-2.2 -0.7 50.2769
-2.2 -0.6 51.2418
-2.2 -0.5 51.8329
-2.2 -0.4 52.304
-2.2 -0.3 52.2194
-2.2 -0.2 51.5528
-2.2 -0.1 50.1554
-2.2 0 48.3565
-2.2 0.1 45.8402
-2.2 0.2 42.7585
-2.2 0.3 38.969
-2.2 0.4 34.8042
-2.2 0.5 30.3414
-2.2 0.6 26.3223
-2.2 0.7 22.802
-2.2 0.8 20.3138
-2.2 0.9 19.2254
-2.2 1 19.3723
-2.2 1.1 21.3826
-2.2 1.2 24.5458
-2.2 1.3 28.9871
-2.2 1.4 34.5679
-2.2 1.5 40.8396
-2.2 1.6 47.054
-2.2 1.7 53.5435
-2.2 1.8 60.4779
-2.2 1.9 66.8834
-2.2 2 73.6129
-2.2 2.1 80.1334
-2.2 2.2 85.9083
-2.2 2.3 91.5041
-2.2 2.4 97.2998
-2.2 2.5 102.984
-2.2 2.6 108.239
-2.2 2.7 113.549
-2.2 2.8 118.637
-2.2 2.9 123.8

-2.1 -3 128.63
-2.1 -2.9 121.989
-2.1 -2.8 115.217
-2.1 -2.7 108.492
-2.1 -2.6 101.987
-2.1 -2.5 95.9243
-2.1 -2.4 89.9918
-2.1 -2.3 84.2787
-2.1 -2.2 77.8568
-2.1 -2.1 72.5336
-2.1 -2 67.7735
-2.1 -1.9 63.214
-2.1 -1.8 59.13
-2.1 -1.7 55.8195
-2.1 -1.6 53.0251
-2.1 -1.5 51.0073
-2.1 -1.4 49.715
-2.1 -1.3 49.1914
-2.1 -1.2 49.4655
-2.1 -1.1 50.3413
-2.1 -1 51.537
-2.1 -0.9 53.073
-2.1 -0.8 54.6245
-2.1 -0.7 56.2724
-2.1 -0.6 57.6896
-2.1 -0.5 58.797
-2.1 -0.4 59.4737
-2.1 -0.3 59.6792
-2.1 -0.2 59.1379
-2.1 -0.1 57.6466
-2.1 0 55.8105
-2.1 0.1 53.3803
-2.1 0.2 50.4898
-2.1 0.3 46.468
-2.1 0.4 41.3198
-2.1 0.5 36.2327
-2.1 0.6 30.8759
-2.1 0.7 25.8656
-2.1 0.8 21.7193
-2.1 0.9 18.9362
-2.1 1 17.8031
-2.1 1.1 18.307
-2.1 1.2 20.9996
-2.1 1.3 25.0049
-2.1 1.4 30.1485
-2.1 1.5 36.2842
-2.1 1.6 42.8044
-2.1 1.7 49.632
-2.1 1.8 56.8142
-2.1 1.9 63.5871
-2.1 2 70.2947
-2.1 2.1 77.082
-2.1 2.2 83.1247
-2.1 2.3 89.0477
-2.1 2.4 94.612
-2.1 2.5 100.644
-2.1 2.6 106.264
-2.1 2.7 111.416
-2.1 2.8 116.651
-2.1 2.9 121.832

-2 -3 126.437
-2 -2.9 119.528
-2 -2.8 112.66
-2 -2.7 106.141
-2 -2.6 99.404
-2 -2.5 93.3117
-2 -2.4 87.0516
-2 -2.3 80.7015
-2 -2.2 75.2883
-2 -2.1 70.3684
-2 -2 65.8967
-2 -1.9 61.5544
-2 -1.8 57.9976
-2 -1.7 55.0028
-2 -1.6 52.8608
-2 -1.5 51.4928
-2 -1.4 50.9741
-2 -1.3 51.3487
-2 -1.2 52.3652
-2 -1.1 53.9296
-2 -1 56.114
-2 -0.9 58.3659
-2 -0.8 60.6173
-2 -0.7 62.4221
-2 -0.6 64.0044
-2 -0.5 64.9866
-2 -0.4 65.5721
-2 -0.3 65.7257
-2 -0.2 65.2568
-2 -0.1 64.1608
-2 0 62.6481
-2 0.1 60.4138
-2 0.2 57.5503
-2 0.3 53.7416
-2 0.4 48.8809
-2 0.5 42.8648
-2 0.6 36.9497
-2 0.7 30.4974
-2 0.8 24.7056
-2 0.9 20.1178
-2 1 17.3255
-2 1.1 16.5564
-2 1.2 18.2322
-2 1.3 21.3402
-2 1.4 26.2049
-2 1.5 32.2779
-2 1.6 38.8979
-2 1.7 45.9937
-2 1.8 53.401
-2 1.9 60.3689
-2 2 67.2646
-2 2.1 74.0868
-2 2.2 80.3747
-2 2.3 86.4493
-2 2.4 92.2134
-2 2.5 98.5241
-2 2.6 104.286
-2 2.7 109.54
-2 2.8 114.984
-2 2.9 120.053

-1.9 -3 123.966
-1.9 -2.9 117.042
-1.9 -2.8 110.298
-1.9 -2.7 103.675
-1.9 -2.6 97.3146
-1.9 -2.5 90.9008
-1.9 -2.4 84.3296
-1.9 -2.3 78.7094
-1.9 -2.2 73.5062
-1.9 -2.1 68.5885
-1.9 -2 64.1555
-1.9 -1.9 60.3967
-1.9 -1.8 57.2654
-1.9 -1.7 54.8449
-1.9 -1.6 53.2351
-1.9 -1.5 52.6259
-1.9 -1.4 52.9318
-1.9 -1.3 53.9919
-1.9 -1.2 55.7926
-1.9 -1.1 58.2915
-1.9 -1 61.0703
-1.9 -0.9 63.7979
-1.9 -0.8 66.1592
-1.9 -0.7 67.9913
-1.9 -0.6 69.3385
-1.9 -0.5 69.9328
-1.9 -0.4 69.9171
-1.9 -0.3 69.3857
-1.9 -0.2 68.457
-1.9 -0.1 67.3782
-1.9 0 66.2476
-1.9 0.1 64.9386
-1.9 0.2 62.973
-1.9 0.3 59.901
-1.9 0.4 55.5133
-1.9 0.5 49.8931
-1.9 0.6 43.1662
-1.9 0.7 36.374
-1.9 0.8 28.9027
-1.9 0.9 22.5869
-1.9 1 17.9041
-1.9 1.1 15.6665
-1.9 1.2 15.8274
-1.9 1.3 18.3692
-1.9 1.4 22.6349
-1.9 1.5 28.4066
-1.9 1.6 35.2579
-1.9 1.7 42.733
-1.9 1.8 50.0011
-1.9 1.9 57.3526
-1.9 2 64.4614
-1.9 2.1 71.4364
-1.9 2.2 78.1472
-1.9 2.3 84.1018
-1.9 2.4 90.1625
-1.9 2.5 96.6585
-1.9 2.6 102.541
-1.9 2.7 108.085
-1.9 2.8 113.296
-1.9 2.9 118.461

-1.8 -3 122.07
-1.8 -2.9 115.138
-1.8 -2.8 108.329
-1.8 -2.7 101.753
-1.8 -2.6 95.2149
-1.8 -2.5 88.5223
-1.8 -2.4 82.554
-1.8 -2.3 77.0861
-1.8 -2.2 72.0588
-1.8 -2.1 67.3283
-1.8 -2 63.1016
-1.8 -1.9 59.5871
-1.8 -1.8 56.9663
-1.8 -1.7 55.0983
-1.8 -1.6 54.2323
-1.8 -1.5 54.3467
-1.8 -1.4 55.3418
-1.8 -1.3 57.2297
-1.8 -1.2 59.962
-1.8 -1.1 62.8758
-1.8 -1 65.9637
-1.8 -0.9 68.7016
-1.8 -0.8 70.95
-1.8 -0.7 72.1404
-1.8 -0.6 72.4644
-1.8 -0.5 71.6583
-1.8 -0.4 69.8225
-1.8 -0.3 67.5493
-1.8 -0.2 65.1267
-1.8 -0.1 63.6587
-1.8 0 62.9884
-1.8 0.1 63.1535
-1.8 0.2 63.3751
-1.8 0.3 62.8446
-1.8 0.4 60.412
-1.8 0.5 55.903
-1.8 0.6 49.5779
-1.8 0.7 42.1185
-1.8 0.8 33.9491
-1.8 0.9 25.8028
-1.8 1 19.5713
-1.8 1.1 15.6079
-1.8 1.2 14.3728
-1.8 1.3 16.0439
-1.8 1.4 19.48
-1.8 1.5 25.1648
-1.8 1.6 31.911
-1.8 1.7 39.307
-1.8 1.8 46.9237
-1.8 1.9 54.5037
-1.8 2 61.9672
-1.8 2.1 68.8951
-1.8 2.2 75.9558
-1.8 2.3 82.2158
-1.8 2.4 88.4007
-1.8 2.5 95.049
-1.8 2.6 101.224
-1.8 2.7 106.574
-1.8 2.8 111.816
-1.8 2.9 117.055

-1.7 -3 120.445
-1.7 -2.9 113.496
-1.7 -2.8 106.487
-1.7 -2.7 100.009
-1.7 -2.6 93.4035
-1.7 -2.5 86.9079
-1.7 -2.4 81.238
-1.7 -2.3 75.9589
-1.7 -2.2 70.7326
-1.7 -2.1 66.2748
-1.7 -2 62.3815
-1.7 -1.9 59.3772
-1.7 -1.8 57.115
-1.7 -1.7 55.9101
-1.7 -1.6 55.7223
-1.7 -1.5 56.5335
-1.7 -1.4 58.2057
-1.7 -1.3 61.0523
-1.7 -1.2 64.1086
-1.7 -1.1 67.299
-1.7 -1 70.2827
-1.7 -0.9 72.629
-1.7 -0.8 73.9369
-1.7 -0.7 73.9291
-1.7 -0.6 71.9841
-1.7 -0.5 68.1403
-1.7 -0.4 63.1591
-1.7 -0.3 58.1554
-1.7 -0.2 53.9223
-1.7 -0.1 51.8537
-1.7 0 51.6693
-1.7 0.1 53.0228
-1.7 0.2 55.8571
-1.7 0.3 59.2565
-1.7 0.4 61.0883
-1.7 0.5 59.6799
-1.7 0.6 54.8492
-1.7 0.7 47.4899
-1.7 0.8 38.7291
-1.7 0.9 29.5504
-1.7 1 21.9317
-1.7 1.1 16.2649
-1.7 1.2 13.5781
-1.7 1.3 14.0876
-1.7 1.4 16.9826
-1.7 1.5 22.2682
-1.7 1.6 28.8453
-1.7 1.7 36.4148
-1.7 1.8 44.283
-1.7 1.9 52.2436
-1.7 2 59.6989
-1.7 2.1 67.134
-1.7 2.2 74.0141
-1.7 2.3 80.5826
-1.7 2.4 86.9309
-1.7 2.5 93.8935
-1.7 2.6 99.8469
-1.7 2.7 105.443
-1.7 2.8 111.096
-1.7 2.9 116.205

-1.6 -3 119.148
-1.6 -2.9 111.968
-1.6 -2.8 105.268
-1.6 -2.7 98.5394
-1.6 -2.6 91.8925
-1.6 -2.5 85.891
-1.6 -2.4 80.0766
-1.6 -2.3 74.9209
-1.6 -2.2 69.9
-1.6 -2.1 65.6488
-1.6 -2 62.1762
-1.6 -1.9 59.4247
-1.6 -1.8 57.7455
-1.6 -1.7 57.0825
-1.6 -1.6 57.5314
-1.6 -1.5 59.0646
-1.6 -1.4 61.6992
-1.6 -1.3 64.6346
-1.6 -1.2 67.8457
-1.6 -1.1 71.1199
-1.6 -1 73.7127
-1.6 -0.9 75.2502
-1.6 -0.8 75.1359
-1.6 -0.7 72.494
-1.6 -0.6 66.7426
-1.6 -0.5 59.0968
-1.6 -0.4 51.595
-1.6 -0.3 44.7624
-1.6 -0.2 40.0723
-1.6 -0.1 37.5455
-1.6 0 37.5564
-1.6 0.1 39.2462
-1.6 0.2 43.3441
-1.6 0.3 49.1571
-1.6 0.4 55.2655
-1.6 0.5 59.2283
-1.6 0.6 58.0435
-1.6 0.7 51.8145
-1.6 0.8 43.254
-1.6 0.9 33.5234
-1.6 1 24.6186
-1.6 1.1 17.3701
-1.6 1.2 13.2906
-1.6 1.3 12.6082
-1.6 1.4 14.9305
-1.6 1.5 19.8352
-1.6 1.6 26.5159
-1.6 1.7 33.9608
-1.6 1.8 42.0534
-1.6 1.9 50.2962
-1.6 2 57.704
-1.6 2.1 65.467
-1.6 2.2 72.6826
-1.6 2.3 79.2279
-1.6 2.4 86.0454
-1.6 2.5 93.2441
-1.6 2.6 98.9676
-1.6 2.7 104.555
-1.6 2.8 109.933
-1.6 2.9 115.024

-1.5 -3 117.664
-1.5 -2.9 110.712
-1.5 -2.8 103.95
-1.5 -2.7 97.2304
-1.5 -2.6 90.6659
-1.5 -2.5 84.6217
-1.5 -2.4 79.4735
-1.5 -2.3 74.1491
-1.5 -2.2 69.3475
-1.5 -2.1 65.3878
-1.5 -2 62.1066
-1.5 -1.9 59.8589
-1.5 -1.8 58.6112
-1.5 -1.7 58.5416
-1.5 -1.6 59.5861
-1.5 -1.5 61.834
-1.5 -1.4 64.5923
-1.5 -1.3 67.9615
-1.5 -1.2 71.371
-1.5 -1.1 74.2971
-1.5 -1 76.1677
-1.5 -0.9 76.4383
-1.5 -0.8 73.7682
-1.5 -0.7 67.6128
-1.5 -0.6 57.9621
-1.5 -0.5 47.6998
-1.5 -0.4 38.8669
-1.5 -0.3 32.6571
-1.5 -0.2 29.3159
-1.5 -0.1 28.0171
-1.5 0 27.9244
-1.5 0.1 28.7975
-1.5 0.2 31.6825
-1.5 0.3 37.4989
-1.5 0.4 45.6883
-1.5 0.5 53.6913
-1.5 0.6 58.0019
-1.5 0.7 54.9125
-1.5 0.8 46.9635
-1.5 0.9 37.0475
-1.5 1 27.2306
-1.5 1.1 18.7432
-1.5 1.2 13.3308
-1.5 1.3 11.5956
-1.5 1.4 13.3131
-1.5 1.5 17.739
-1.5 1.6 24.4545
-1.5 1.7 31.9016
-1.5 1.8 40.2045
-1.5 1.9 48.6182
-1.5 2 56.7275
-1.5 2.1 64.4047
-1.5 2.2 71.7091
-1.5 2.3 78.5171
-1.5 2.4 85.3339
-1.5 2.5 92.2752
-1.5 2.6 98.011
-1.5 2.7 103.581
-1.5 2.8 108.98
-1.5 2.9 114.272

-1.4 -3 116.712
-1.4 -2.9 109.713
-1.4 -2.8 102.809
-1.4 -2.7 96.177
-1.4 -2.6 89.9223
-1.4 -2.5 84.2324
-1.4 -2.4 78.8405
-1.4 -2.3 73.539
-1.4 -2.2 69.0896
-1.4 -2.1 65.3212
-1.4 -2 62.4239
-1.4 -1.9 60.5259
-1.4 -1.8 59.7298
-1.4 -1.7 60.1219
-1.4 -1.6 61.6923
-1.4 -1.5 64.2284
-1.4 -1.4 67.2974
-1.4 -1.3 70.9011
-1.4 -1.2 74.2171
-1.4 -1.1 76.6851
-1.4 -1 77.6199
-1.4 -0.9 75.8987
-1.4 -0.8 70.3378
-1.4 -0.7 60.1751
-1.4 -0.6 48.3998
-1.4 -0.5 37.3708
-1.4 -0.4 29.8108
-1.4 -0.3 26.8279
-1.4 -0.2 26.5279
-1.4 -0.1 27.3957
-1.4 0 27.619
-1.4 0.1 26.8883
-1.4 0.2 26.6141
-1.4 0.3 28.9498
-1.4 0.4 35.9361
-1.4 0.5 46.2438
-1.4 0.6 54.8551
-1.4 0.7 56.1628
-1.4 0.8 49.8141
-1.4 0.9 39.853
-1.4 1 29.3596
-1.4 1.1 19.8768
-1.4 1.2 13.3951
-1.4 1.3 10.8322
-1.4 1.4 12.0512
-1.4 1.5 16.0768
-1.4 1.6 23.042
-1.4 1.7 30.7627
-1.4 1.8 39.0411
-1.4 1.9 47.7017
-1.4 2 55.6501
-1.4 2.1 63.3295
-1.4 2.2 70.7707
-1.4 2.3 77.9301
-1.4 2.4 84.9019
-1.4 2.5 91.5699
-1.4 2.6 97.349
-1.4 2.7 102.769
-1.4 2.8 108.169
-1.4 2.9 113.505

-1.3 -3 115.674
-1.3 -2.9 108.811
-1.3 -2.8 102.111
-1.3 -2.7 95.408
-1.3 -2.6 89.3763
-1.3 -2.5 83.8661
-1.3 -2.4 78.3631
-1.3 -2.3 73.2014
-1.3 -2.2 68.9582
-1.3 -2.1 65.468
-1.3 -2 62.9422
-1.3 -1.9 61.3306
-1.3 -1.8 60.9725
-1.3 -1.7 61.7671
-1.3 -1.6 63.7071
-1.3 -1.5 66.3194
-1.3 -1.4 69.7883
-1.3 -1.3 73.3716
-1.3 -1.2 76.4792
-1.3 -1.1 78.345
-1.3 -1 78.017
-1.3 -0.9 74.0617
-1.3 -0.8 65.003
-1.3 -0.7 52.449
-1.3 -0.6 39.8491
-1.3 -0.5 30.0808
-1.3 -0.4 26.3514
-1.3 -0.3 27.4181
-1.3 -0.2 30.4628
-1.3 -0.1 30.3139
-1.3 0 29.6674
-1.3 0.1 30.2702
-1.3 0.2 28.8172
-1.3 0.3 26.3403
-1.3 0.4 29.4204
-1.3 0.5 39.0799
-1.3 0.6 50.0864
-1.3 0.7 55.5769
-1.3 0.8 51.423
-1.3 0.9 41.694
-1.3 1 30.7002
-1.3 1.1 20.3818
-1.3 1.2 13.1812
-1.3 1.3 10.1192
-1.3 1.4 11.0331
-1.3 1.5 15.3837
-1.3 1.6 21.7721
-1.3 1.7 29.5769
-1.3 1.8 37.9373
-1.3 1.9 46.7592
-1.3 2 55.0583
-1.3 2.1 62.9356
-1.3 2.2 70.3773
-1.3 2.3 77.4069
-1.3 2.4 84.5061
-1.3 2.5 91.1074
-1.3 2.6 96.7811
-1.3 2.7 102.368
-1.3 2.8 107.802
-1.3 2.9 112.923

-1.2 -3 115.194
-1.2 -2.9 108.44
-1.2 -2.8 101.518
-1.2 -2.7 94.9997
-1.2 -2.6 89.158
-1.2 -2.5 83.6254
-1.2 -2.4 78.0224
-1.2 -2.3 73.1311
-1.2 -2.2 69.188
-1.2 -2.1 65.8707
-1.2 -2 63.5584
-1.2 -1.9 62.332
-1.2 -1.8 62.2721
-1.2 -1.7 63.416
-1.2 -1.6 65.5853
-1.2 -1.5 68.4036
-1.2 -1.4 72.0604
-1.2 -1.3 75.5155
-1.2 -1.2 78.1815
-1.2 -1.1 79.26
-1.2 -1 77.7627
-1.2 -0.9 71.6351
-1.2 -0.8 60.244
-1.2 -0.7 46.0307
-1.2 -0.6 33.5363
-1.2 -0.5 26.659
-1.2 -0.4 26.5702
-1.2 -0.3 30.7867
-1.2 -0.2 28.8509
-1.2 -0.1 25.0538
-1.2 0 23.3658
-1.2 0.1 25.371
-1.2 0.2 28.9215
-1.2 0.3 28.2018
-1.2 0.4 26.8033
-1.2 0.5 33.7244
-1.2 0.6 45.7701
-1.2 0.7 54.0183
-1.2 0.8 51.7129
-1.2 0.9 42.1992
-1.2 1 31.0161
-1.2 1.1 20.2545
-1.2 1.2 12.8332
-1.2 1.3 9.41865
-1.2 1.4 10.1475
-1.2 1.5 14.5717
-1.2 1.6 20.8926
-1.2 1.7 29.0025
-1.2 1.8 37.7357
-1.2 1.9 46.3169
-1.2 2 54.6979
-1.2 2.1 62.8423
-1.2 2.2 70.2741
-1.2 2.3 77.4421
-1.2 2.4 84.4654
-1.2 2.5 90.8643
-1.2 2.6 96.4953
-1.2 2.7 101.927
-1.2 2.8 107.424
-1.2 2.9 112.559

-1.1 -3 115
-1.1 -2.9 107.906
-1.1 -2.8 101.356
-1.1 -2.7 95.0409
-1.1 -2.6 89.1819
-1.1 -2.5 83.5544
-1.1 -2.4 77.9887
-1.1 -2.3 73.3695
-1.1 -2.2 69.4672
-1.1 -2.1 66.3612
-1.1 -2 64.3448
-1.1 -1.9 63.4156
-1.1 -1.8 63.6154
-1.1 -1.7 64.9541
-1.1 -1.6 67.2324
-1.1 -1.5 70.3957
-1.1 -1.4 74.0191
-1.1 -1.3 77.2341
-1.1 -1.2 79.482
-1.1 -1.1 79.9254
-1.1 -1 77.1499
-1.1 -0.9 69.2106
-1.1 -0.8 56.1922
-1.1 -0.7 41.924
-1.1 -0.6 30.0118
-1.1 -0.5 25.558
-1.1 -0.4 28.4952
-1.1 -0.3 29.9704
-1.1 -0.2 24.8731
-1.1 -0.1 25.0074
-1.1 0 25.1566
-1.1 0.1 24.1887
-1.1 0.2 25.7612
-1.1 0.3 29.8424
-1.1 0.4 26.142
-1.1 0.5 31.0557
-1.1 0.6 43.2338
-1.1 0.7 52.4653
-1.1 0.8 51.249
-1.1 0.9 41.8609
-1.1 1 30.5203
-1.1 1.1 19.5598
-1.1 1.2 12.0562
-1.1 1.3 8.65705
-1.1 1.4 9.55429
-1.1 1.5 14.1696
-1.1 1.6 20.5256
-1.1 1.7 28.8868
-1.1 1.8 37.6302
-1.1 1.9 46.374
-1.1 2 54.6991
-1.1 2.1 62.9455
-1.1 2.2 70.4189
-1.1 2.3 77.5968
-1.1 2.4 84.6415
-1.1 2.5 90.815
-1.1 2.6 96.3797
-1.1 2.7 101.982
-1.1 2.8 107.29
-1.1 2.9 112.733

-1 -3 115.054
-1 -2.9 108.019
-1 -2.8 101.284
-1 -2.7 95.1552
-1 -2.6 89.3733
-1 -2.5 83.7171
-1 -2.4 78.1628
-1 -2.3 73.7735
-1 -2.2 70.0452
-1 -2.1 67.1566
-1 -2 65.2895
-1 -1.9 64.487
-1 -1.8 64.8727
-1 -1.7 66.3926
-1 -1.6 68.7524
-1 -1.5 72.1587
-1 -1.4 75.576
-1 -1.3 78.5612
-1 -1.2 80.4751
-1 -1.1 80.3827
-1 -1 76.7145
-1 -0.9 67.7662
-1 -0.8 53.9266
-1 -0.7 39.1938
-1 -0.6 28.2337
-1 -0.5 25.1177
-1 -0.4 29.4281
-1 -0.3 29.191
-1 -0.2 24.2552
-1 -0.1 26.2777
-1 0 26.543
-1 0.1 24.178
-1 0.2 23.5804
-1 0.3 29.6744
-1 0.4 26.0108
-1 0.5 30.5049
-1 0.6 42.392
-1 0.7 51.4949
-1 0.8 49.9169
-1 0.9 40.4043
-1 1 28.7869
-1 1.1 18.1451
-1 1.2 10.8578
-1 1.3 7.86863
-1 1.4 9.19243
-1 1.5 14.1483
-1 1.6 20.6051
-1 1.7 29.2687
-1 1.8 38.1162
-1 1.9 46.9146
-1 2 55.6299
-1 2.1 63.3635
-1 2.2 70.9997
-1 2.3 78.1316
-1 2.4 85.0067
-1 2.5 90.9336
-1 2.6 96.651
-1 2.7 102.29
-1 2.8 107.54
-1 2.9 112.711

-0.9 -3 114.982
-0.9 -2.9 108.207
-0.9 -2.8 101.543
-0.9 -2.7 95.3951
-0.9 -2.6 89.6541
-0.9 -2.5 83.4475
-0.9 -2.4 78.4643
-0.9 -2.3 74.2931
-0.9 -2.2 70.6075
-0.9 -2.1 67.9439
-0.9 -2 66.1814
-0.9 -1.9 65.6091
-0.9 -1.8 66.1849
-0.9 -1.7 67.8283
-0.9 -1.6 70.325
-0.9 -1.5 73.7972
-0.9 -1.4 76.9699
-0.9 -1.3 79.7719
-0.9 -1.2 81.3152
-0.9 -1.1 80.6729
-0.9 -1 76.2981
-0.9 -0.9 66.5146
-0.9 -0.8 52.17
-0.9 -0.7 37.5275
-0.9 -0.6 27.0734
-0.9 -0.5 24.7542
-0.9 -0.4 29.6007
-0.9 -0.3 28.9108
-0.9 -0.2 24.4449
-0.9 -0.1 26.6026
-0.9 0 25.1318
-0.9 0.1 23.9016
-0.9 0.2 23.98
-0.9 0.3 29.5744
-0.9 0.4 25.8592
-0.9 0.5 30.7989
-0.9 0.6 42.3856
-0.9 0.7 50.7677
-0.9 0.8 48.2003
-0.9 0.9 38.2097
-0.9 1 26.6891
-0.9 1.1 16.4919
-0.9 1.2 9.53109
-0.9 1.3 7.14158
-0.9 1.4 9.03538
-0.9 1.5 14.2581
-0.9 1.6 21.3146
-0.9 1.7 30.0937
-0.9 1.8 39.064
-0.9 1.9 47.985
-0.9 2 56.3246
-0.9 2.1 64.2778
-0.9 2.2 71.7106
-0.9 2.3 78.7407
-0.9 2.4 85.4092
-0.9 2.5 90.9884
-0.9 2.6 96.9779
-0.9 2.7 102.477
-0.9 2.8 107.884
-0.9 2.9 112.925

-0.8 -3 114.688
-0.8 -2.9 107.791
-0.8 -2.8 101.341
-0.8 -2.7 95.3816
-0.8 -2.6 89.4512
-0.8 -2.5 83.4542
-0.8 -2.4 78.7623
-0.8 -2.3 74.7462
-0.8 -2.2 71.2306
-0.8 -2.1 68.6513
-0.8 -2 67.1677
-0.8 -1.9 66.7282
-0.8 -1.8 67.4437
-0.8 -1.7 69.1903
-0.8 -1.6 71.9183
-0.8 -1.5 75.1265
-0.8 -1.4 78.2399
-0.8 -1.3 80.813
-0.8 -1.2 82.0129
-0.8 -1.1 80.8687
-0.8 -1 75.7795
-0.8 -0.9 65.1284
-0.8 -0.8 50.5035
-0.8 -0.7 36.0763
-0.8 -0.6 26.085
-0.8 -0.5 24.402
-0.8 -0.4 29.6289
-0.8 -0.3 28.5679
-0.8 -0.2 24.4942
-0.8 -0.1 26.5311
-0.8 0 23.8706
-0.8 0.1 23.7842
-0.8 0.2 24.4811
-0.8 0.3 29.4046
-0.8 0.4 25.7229
-0.8 0.5 31.0553
-0.8 0.6 42.6245
-0.8 0.7 49.9382
-0.8 0.8 46.4818
-0.8 0.9 35.9236
-0.8 1 24.5949
-0.8 1.1 14.8085
-0.8 1.2 8.24024
-0.8 1.3 6.50585
-0.8 1.4 8.93281
-0.8 1.5 14.5648
-0.8 1.6 22.1066
-0.8 1.7 30.9136
-0.8 1.8 40.0367
-0.8 1.9 48.9719
-0.8 2 57.2163
-0.8 2.1 65.1047
-0.8 2.2 72.3231
-0.8 2.3 79.3694
-0.8 2.4 85.6437
-0.8 2.5 91.6534
-0.8 2.6 97.215
-0.8 2.7 102.834
-0.8 2.8 108.034
-0.8 2.9 113.203

-0.7 -3 114.79
-0.7 -2.9 107.986
-0.7 -2.8 101.601
-0.7 -2.7 95.3989
-0.7 -2.6 89.3241
-0.7 -2.5 83.7873
-0.7 -2.4 79.2216
-0.7 -2.3 75.2478
-0.7 -2.2 71.838
-0.7 -2.1 69.4702
-0.7 -2 68.0897
-0.7 -1.9 67.8394
-0.7 -1.8 68.6589
-0.7 -1.7 70.569
-0.7 -1.6 73.3748
-0.7 -1.5 76.3162
-0.7 -1.4 79.3661
-0.7 -1.3 81.7402
-0.7 -1.2 82.5843
-0.7 -1.1 80.9224
-0.7 -1 75.1794
-0.7 -0.9 63.7198
-0.7 -0.8 48.9407
-0.7 -0.7 34.4885
-0.7 -0.6 25.0575
-0.7 -0.5 24.057
-0.7 -0.4 29.6591
-0.7 -0.3 28.1802
-0.7 -0.2 24.3661
-0.7 -0.1 26.0848
-0.7 0 22.7594
-0.7 0.1 23.7053
-0.7 0.2 25.026
-0.7 0.3 29.1857
-0.7 0.4 25.5967
-0.7 0.5 31.376
-0.7 0.6 42.6366
-0.7 0.7 49.1051
-0.7 0.8 44.6304
-0.7 0.9 33.8768
-0.7 1 22.6177
-0.7 1.1 13.0518
-0.7 1.2 7.13461
-0.7 1.3 5.97498
-0.7 1.4 8.97485
-0.7 1.5 14.7895
-0.7 1.6 23.1091
-0.7 1.7 31.8922
-0.7 1.8 40.832
-0.7 1.9 49.7402
-0.7 2 57.8974
-0.7 2.1 65.737
-0.7 2.2 73.0495
-0.7 2.3 80.0741
-0.7 2.4 86.0972
-0.7 2.5 92.0683
-0.7 2.6 97.5654
-0.7 2.7 103.255
-0.7 2.8 108.489
-0.7 2.9 113.289

-0.6 -3 114.678
-0.6 -2.9 108.152
-0.6 -2.8 101.486
-0.6 -2.7 95.4252
-0.6 -2.6 89.343
-0.6 -2.5 84.2101
-0.6 -2.4 79.6819
-0.6 -2.3 75.6722
-0.6 -2.2 72.56
-0.6 -2.1 70.3115
-0.6 -2 69.0633
-0.6 -1.9 68.9126
-0.6 -1.8 69.8615
-0.6 -1.7 71.8393
-0.6 -1.6 74.73
-0.6 -1.5 77.507
-0.6 -1.4 80.4896
-0.6 -1.3 82.5902
-0.6 -1.2 83.0597
-0.6 -1.1 80.9349
-0.6 -1 74.3615
-0.6 -0.9 62.5114
-0.6 -0.8 47.226
-0.6 -0.7 32.603
-0.6 -0.6 23.983
-0.6 -0.5 23.7293
-0.6 -0.4 29.5625
-0.6 -0.3 27.6814
-0.6 -0.2 24.0483
-0.6 -0.1 25.389
-0.6 0 21.7982
-0.6 0.1 23.544
-0.6 0.2 25.5531
-0.6 0.3 28.8704
-0.6 0.4 25.4973
-0.6 0.5 31.6186
-0.6 0.6 42.4165
-0.6 0.7 48.1342
-0.6 0.8 42.6646
-0.6 0.9 31.9473
-0.6 1 20.6444
-0.6 1.1 11.1996
-0.6 1.2 6.13929
-0.6 1.3 5.62581
-0.6 1.4 9.01761
-0.6 1.5 15.2021
-0.6 1.6 24.0321
-0.6 1.7 32.7847
-0.6 1.8 41.9486
-0.6 1.9 50.5526
-0.6 2 58.9101
-0.6 2.1 66.412
-0.6 2.2 73.7739
-0.6 2.3 80.4851
-0.6 2.4 86.5417
-0.6 2.5 92.3993
-0.6 2.6 98.085
-0.6 2.7 103.729
-0.6 2.8 108.628
-0.6 2.9 113.558

-0.5 -3 114.914
-0.5 -2.9 107.89
-0.5 -2.8 101.727
-0.5 -2.7 95.6168
-0.5 -2.6 89.5694
-0.5 -2.5 84.653
-0.5 -2.4 80.1277
-0.5 -2.3 76.3126
-0.5 -2.2 73.2337
-0.5 -2.1 71.1162
-0.5 -2 69.966
-0.5 -1.9 69.982
-0.5 -1.8 71.0988
-0.5 -1.7 73.1284
-0.5 -1.6 75.8721
-0.5 -1.5 78.6277
-0.5 -1.4 81.5063
-0.5 -1.3 83.3496
-0.5 -1.2 83.413
-0.5 -1.1 80.7567
-0.5 -1 73.4393
-0.5 -0.9 60.8275
-0.5 -0.8 45.1762
-0.5 -0.7 31.0376
-0.5 -0.6 23.0148
-0.5 -0.5 23.4534
-0.5 -0.4 29.4537
-0.5 -0.3 27.1329
-0.5 -0.2 23.556
-0.5 -0.1 24.6993
-0.5 0 20.9871
-0.5 0.1 23.1969
-0.5 0.2 26.0063
-0.5 0.3 28.4712
-0.5 0.4 25.3832
-0.5 0.5 31.8936
-0.5 0.6 42.4221
-0.5 0.7 47.0317
-0.5 0.8 40.7601
-0.5 0.9 29.8452
-0.5 1 18.5841
-0.5 1.1 9.67967
-0.5 1.2 5.2645
-0.5 1.3 5.286
-0.5 1.4 9.25173
-0.5 1.5 16.1139
-0.5 1.6 24.7177
-0.5 1.7 33.6213
-0.5 1.8 42.7555
-0.5 1.9 51.3598
-0.5 2 59.4998
-0.5 2.1 67.4344
-0.5 2.2 74.433
-0.5 2.3 81.1274
-0.5 2.4 87.017
-0.5 2.5 92.8263
-0.5 2.6 98.7473
-0.5 2.7 104.028
-0.5 2.8 109.122
-0.5 2.9 113.822

-0.4 -3 114.682
-0.4 -2.9 108.1
-0.4 -2.8 101.718
-0.4 -2.7 95.6913
-0.4 -2.6 89.9194
-0.4 -2.5 84.8547
-0.4 -2.4 80.5458
-0.4 -2.3 76.7387
-0.4 -2.2 73.8854
-0.4 -2.1 71.8309
-0.4 -2 70.9299
-0.4 -1.9 71.0626
-0.4 -1.8 72.2376
-0.4 -1.7 74.3159
-0.4 -1.6 76.9734
-0.4 -1.5 79.8128
-0.4 -1.4 82.5094
-0.4 -1.3 84.0264
-0.4 -1.2 83.677
-0.4 -1.1 80.2332
-0.4 -1 72.2457
-0.4 -0.9 58.9806
-0.4 -0.8 43.249
-0.4 -0.7 29.4922
-0.4 -0.6 22.0743
-0.4 -0.5 23.2475
-0.4 -0.4 29.2523
-0.4 -0.3 26.5785
-0.4 -0.2 22.9311
-0.4 -0.1 24.2351
-0.4 0 20.3259
-0.4 0.1 22.6509
-0.4 0.2 26.3424
-0.4 0.3 28.0498
-0.4 0.4 25.3009
-0.4 0.5 32.0758
-0.4 0.6 42.2182
-0.4 0.7 45.8182
-0.4 0.8 38.8976
-0.4 0.9 27.6484
-0.4 1 16.7243
-0.4 1.1 8.39417
-0.4 1.2 4.4391
-0.4 1.3 5.0683
-0.4 1.4 9.6077
-0.4 1.5 16.9263
-0.4 1.6 25.463
-0.4 1.7 34.5796
-0.4 1.8 43.662
-0.4 1.9 52.5055
-0.4 2 60.5831
-0.4 2.1 68.0854
-0.4 2.2 74.9928
-0.4 2.3 81.5746
-0.4 2.4 87.5441
-0.4 2.5 93.3386
-0.4 2.6 99.5083
-0.4 2.7 104.514
-0.4 2.8 109.224
-0.4 2.9 113.856

-0.3 -3 114.84
-0.3 -2.9 108.328
-0.3 -2.8 101.661
-0.3 -2.7 95.5891
-0.3 -2.6 90.1681
-0.3 -2.5 85.2981
-0.3 -2.4 81.1196
-0.3 -2.3 77.3642
-0.3 -2.2 74.5395
-0.3 -2.1 72.6911
-0.3 -2 71.8605
-0.3 -1.9 72.1352
-0.3 -1.8 73.3915
-0.3 -1.7 75.5203
-0.3 -1.6 78.0731
-0.3 -1.5 81.0022
-0.3 -1.4 83.4114
-0.3 -1.3 84.5771
-0.3 -1.2 83.778
-0.3 -1.1 79.6914
-0.3 -1 71.0263
-0.3 -0.9 57.0942
-0.3 -0.8 41.4564
-0.3 -0.7 27.7413
-0.3 -0.6 21.1471
-0.3 -0.5 23.0624
-0.3 -0.4 29.0314
-0.3 -0.3 25.9323
-0.3 -0.2 22.2364
-0.3 -0.1 24.0064
-0.3 0 19.8147
-0.3 0.1 21.9969
-0.3 0.2 26.5344
-0.3 0.3 27.5224
-0.3 0.4 25.1818
-0.3 0.5 32.1927
-0.3 0.6 41.79
-0.3 0.7 44.5588
-0.3 0.8 36.9095
-0.3 0.9 25.5233
-0.3 1 14.8988
-0.3 1.1 7.14582
-0.3 1.2 3.74483
-0.3 1.3 5.11033
-0.3 1.4 10.0417
-0.3 1.5 17.8072
-0.3 1.6 26.1293
-0.3 1.7 35.5307
-0.3 1.8 44.9444
-0.3 1.9 53.4678
-0.3 2 61.3431
-0.3 2.1 68.7509
-0.3 2.2 75.7957
-0.3 2.3 82.2456
-0.3 2.4 88.3385
-0.3 2.5 94.5772
-0.3 2.6 99.83
-0.3 2.7 104.708
-0.3 2.8 109.48
-0.3 2.9 114.141

-0.2 -3 114.605
-0.2 -2.9 108.017
-0.2 -2.8 101.872
-0.2 -2.7 95.9199
-0.2 -2.6 90.3779
-0.2 -2.5 85.8241
-0.2 -2.4 81.5865
-0.2 -2.3 77.9219
-0.2 -2.2 75.2597
-0.2 -2.1 73.5508
-0.2 -2 72.8347
-0.2 -1.9 73.2073
-0.2 -1.8 74.5721
-0.2 -1.7 76.6747
-0.2 -1.6 79.1976
-0.2 -1.5 82.1659
-0.2 -1.4 84.253
-0.2 -1.3 85.0746
-0.2 -1.2 83.7983
-0.2 -1.1 79.1015
-0.2 -1 69.7657
-0.2 -0.9 55.4858
-0.2 -0.8 39.5443
-0.2 -0.7 26.0147
-0.2 -0.6 20.2665
-0.2 -0.5 22.9422
-0.2 -0.4 28.7593
-0.2 -0.3 25.2728
-0.2 -0.2 21.5409
-0.2 -0.1 23.894
-0.2 0 19.4535
-0.2 0.1 21.3559
-0.2 0.2 26.5693
-0.2 0.3 26.9314
-0.2 0.4 25.0944
-0.2 0.5 32.3514
-0.2 0.6 41.553
-0.2 0.7 43.2277
-0.2 0.8 34.8192
-0.2 0.9 23.7068
-0.2 1 13.2202
-0.2 1.1 5.97495
-0.2 1.2 3.17095
-0.2 1.3 5.08457
-0.2 1.4 10.5782
-0.2 1.5 18.5463
-0.2 1.6 26.8609
-0.2 1.7 36.6567
-0.2 1.8 45.8083
-0.2 1.9 54.3702
-0.2 2 62.3698
-0.2 2.1 69.6915
-0.2 2.2 76.5937
-0.2 2.3 82.9691
-0.2 2.4 89.1022
-0.2 2.5 95.045
-0.2 2.6 100.142
-0.2 2.7 104.99
-0.2 2.8 109.604
-0.2 2.9 114.179

-0.1 -3 114.646
-0.1 -2.9 108.282
-0.1 -2.8 102.109
-0.1 -2.7 96.0428
-0.1 -2.6 90.7196
-0.1 -2.5 86.2827
-0.1 -2.4 82.0166
-0.1 -2.3 78.5304
-0.1 -2.2 75.9384
-0.1 -2.1 74.3532
-0.1 -2 73.7739
-0.1 -1.9 74.248
-0.1 -1.8 75.6713
-0.1 -1.7 77.8243
-0.1 -1.6 80.4247
-0.1 -1.5 83.1976
-0.1 -1.4 84.9793
-0.1 -1.3 85.4595
-0.1 -1.2 83.6204
-0.1 -1.1 78.5274
-0.1 -1 68.2902
-0.1 -0.9 53.6792
-0.1 -0.8 37.3616
-0.1 -0.7 24.5054
-0.1 -0.6 19.4706
-0.1 -0.5 22.8248
-0.1 -0.4 28.4624
-0.1 -0.3 24.6557
-0.1 -0.2 20.9064
-0.1 -0.1 23.7776
-0.1 0 19.2424
-0.1 0.1 20.8478
-0.1 0.2 26.4464
-0.1 0.3 26.3617
-0.1 0.4 24.9544
-0.1 0.5 32.4253
-0.1 0.6 41.1345
-0.1 0.7 41.8171
-0.1 0.8 32.8704
-0.1 0.9 21.7942
-0.1 1 11.5774
-0.1 1.1 4.70653
-0.1 1.2 2.72264
-0.1 1.3 5.18576
-0.1 1.4 11.1176
-0.1 1.5 19.2817
-0.1 1.6 28.0868
-0.1 1.7 37.8533
-0.1 1.8 46.8135
-0.1 1.9 55.3219
-0.1 2 63.1264
-0.1 2.1 70.7471
-0.1 2.2 77.4957
-0.1 2.3 83.6743
-0.1 2.4 89.8365
-0.1 2.5 95.4824
-0.1 2.6 100.42
-0.1 2.7 105.254
-0.1 2.8 109.836
-0.1 2.9 114.195

0 -3 114.805
0 -2.9 108.523
0 -2.8 102.082
0 -2.7 96.1911
0 -2.6 91.1453
0 -2.5 86.6918
0 -2.4 82.4344
0 -2.3 79.1077
0 -2.2 76.645
0 -2.1 75.1576
0 -2 74.7471
0 -1.9 75.2954
0 -1.8 76.8496
0 -1.7 79.0279
0 -1.6 81.6494
0 -1.5 84.0291
0 -1.4 85.589
0 -1.3 85.696
0 -1.2 83.466
0 -1.1 77.7529
0 -1 66.7555
0 -0.9 51.4714
0 -0.8 35.3246
0 -0.7 22.9917
0 -0.6 18.7453
0 -0.5 22.788
0 -0.4 28.1572
0 -0.3 23.9805
0 -0.2 20.3876
0 -0.1 23.5367
0 0 19.1812
0 0.1 20.5827
0 0.2 26.1771
0 0.3 25.712
0 0.4 24.8472
0 0.5 32.5121
0 0.6 40.5137
0 0.7 40.2346
0 0.8 31.0034
0 0.9 19.7869
0 1 9.90226
0 1.1 3.66797
0 1.2 2.391
0 1.3 5.42583
0 1.4 11.8208
0 1.5 19.9664
0 1.6 29.375
0 1.7 38.9989
0 1.8 48.0395
0 1.9 56.6271
0 2 64.3965
0 2.1 71.4884
0 2.2 78.2089
0 2.3 84.5092
0 2.4 90.4839
0 2.5 95.8895
0 2.6 100.686
0 2.7 105.357
0 2.8 109.919
0 2.9 114.535

0.1 -3 114.983
0.1 -2.9 108.316
0.1 -2.8 102.324
0.1 -2.7 96.5835
0.1 -2.6 91.553
0.1 -2.5 87.0667
0.1 -2.4 82.859
0.1 -2.3 79.6466
0.1 -2.2 77.367
0.1 -2.1 76.0245
0.1 -2 75.692
0.1 -1.9 76.3953
0.1 -1.8 77.9614
0.1 -1.7 80.1125
0.1 -1.6 82.7365
0.1 -1.5 84.7614
0.1 -1.4 86.1539
0.1 -1.3 85.8834
0.1 -1.2 83.1563
0.1 -1.1 76.6522
0.1 -1 64.9461
0.1 -0.9 49.2671
0.1 -0.8 33.4438
0.1 -0.7 21.3562
0.1 -0.6 18.0161
0.1 -0.5 22.8522
0.1 -0.4 27.8291
0.1 -0.3 23.3324
0.1 -0.2 20.0257
0.1 -0.1 23.0915
0.1 0 19.27
0.1 0.1 20.5899
0.1 0.2 25.7865
0.1 0.3 25.0371
0.1 0.4 24.6809
0.1 0.5 32.4956
0.1 0.6 40.0324
0.1 0.7 38.7184
0.1 0.8 29.0302
0.1 0.9 17.7736
0.1 1 8.44493
0.1 1.1 2.84177
0.1 1.2 2.15775
0.1 1.3 5.81902
0.1 1.4 12.4738
0.1 1.5 20.9127
0.1 1.6 30.8823
0.1 1.7 40.3417
0.1 1.8 49.2758
0.1 1.9 57.6533
0.1 2 65.2461
0.1 2.1 72.4045
0.1 2.2 79.0245
0.1 2.3 85.248
0.1 2.4 91.0637
0.1 2.5 96.2453
0.1 2.6 100.932
0.1 2.7 105.633
0.1 2.8 110.186
0.1 2.9 114.556

0.2 -3 114.845
0.2 -2.9 108.559
0.2 -2.8 102.392
0.2 -2.7 96.8223
0.2 -2.6 91.9432
0.2 -2.5 87.434
0.2 -2.4 83.2768
0.2 -2.3 80.2233
0.2 -2.2 78.0257
0.2 -2.1 76.8447
0.2 -2 76.6467
0.2 -1.9 77.4272
0.2 -1.8 79.0035
0.2 -1.7 81.205
0.2 -1.6 83.7033
0.2 -1.5 85.4696
0.2 -1.4 86.623
0.2 -1.3 85.9851
0.2 -1.2 82.753
0.2 -1.1 75.2428
0.2 -1 63.193
0.2 -0.9 47.1715
0.2 -0.8 31.4821
0.2 -0.7 19.9524
0.2 -0.6 17.4184
0.2 -0.5 22.926
0.2 -0.4 27.5246
0.2 -0.3 22.7692
0.2 -0.2 19.8461
0.2 -0.1 22.4714
0.2 0 19.5088
0.2 0.1 20.7895
0.2 0.2 25.3161
0.2 0.3 24.4238
0.2 0.4 24.5588
0.2 0.5 32.4068
0.2 0.6 39.4081
0.2 0.7 37.1916
0.2 0.8 26.9781
0.2 0.9 16.0779
0.2 1 7.05934
0.2 1.1 2.16683
0.2 1.2 2.11715
0.2 1.3 6.22258
0.2 1.4 13.3578
0.2 1.5 22.1595
0.2 1.6 32.2785
0.2 1.7 41.5553
0.2 1.8 50.3152
0.2 1.9 58.7179
0.2 2 66.2742
0.2 2.1 73.4275
0.2 2.2 79.8069
0.2 2.3 85.8803
0.2 2.4 91.5641
0.2 2.5 96.5406
0.2 2.6 101.23
0.2 2.7 105.898
0.2 2.8 110.274
0.2 2.9 114.565

0.3 -3 114.913
0.3 -2.9 108.771
0.3 -2.8 102.6
0.3 -2.7 97.08
0.3 -2.6 92.3056
0.3 -2.5 87.7954
0.3 -2.4 83.7049
0.3 -2.3 80.8092
0.3 -2.2 78.7257
0.3 -2.1 77.6217
0.3 -2 77.5679
0.3 -1.9 78.4271
0.3 -1.8 80.0216
0.3 -1.7 82.2063
0.3 -1.6 84.4938
0.3 -1.5 86.1713
0.3 -1.4 87.0375
0.3 -1.3 86.0012
0.3 -1.2 82.1093
0.3 -1.1 74.1069
0.3 -1 61.4446
0.3 -0.9 45.3184
0.3 -0.8 29.3272
0.3 -0.7 18.6352
0.3 -0.6 16.9439
0.3 -0.5 23.0929
0.3 -0.4 27.1977
0.3 -0.3 22.1887
0.3 -0.2 19.8601
0.3 -0.1 21.7862
0.3 0 19.8976
0.3 0.1 21.0612
0.3 0.2 24.8204
0.3 0.3 23.7735
0.3 0.4 24.3809
0.3 0.5 32.3382
0.3 0.6 38.6202
0.3 0.7 35.481
0.3 0.8 25.132
0.3 0.9 14.5484
0.3 1 5.84085
0.3 1.1 1.56552
0.3 1.2 2.13667
0.3 1.3 6.95536
0.3 1.4 14.3794
0.3 1.5 23.6798
0.3 1.6 33.3728
0.3 1.7 42.6512
0.3 1.8 51.6467
0.3 1.9 59.6845
0.3 2 67.0907
0.3 2.1 74.1598
0.3 2.2 80.4878
0.3 2.3 86.5256
0.3 2.4 91.9811
0.3 2.5 96.7626
0.3 2.6 101.6
0.3 2.7 105.99
0.3 2.8 110.38
0.3 2.9 114.978

0.4 -3 115.066
0.4 -2.9 108.651
0.4 -2.8 102.692
0.4 -2.7 97.4462
0.4 -2.6 92.6628
0.4 -2.5 87.6102
0.4 -2.4 84.1191
0.4 -2.3 81.3584
0.4 -2.2 79.402
0.4 -2.1 78.4683
0.4 -2 78.4957
0.4 -1.9 79.3824
0.4 -1.8 81.0683
0.4 -1.7 83.1425
0.4 -1.6 85.2309
0.4 -1.5 86.8617
0.4 -1.4 87.3444
0.4 -1.3 85.7865
0.4 -1.2 81.4588
0.4 -1.1 72.8697
0.4 -1 59.5048
0.4 -0.9 43.047
0.4 -0.8 27.3336
0.4 -0.7 17.3234
0.4 -0.6 16.4241
0.4 -0.5 23.2358
0.4 -0.4 26.9153
0.4 -0.3 21.6731
0.4 -0.2 20.0671
0.4 -0.1 21.1561
0.4 0 20.4365
0.4 0.1 21.2838
0.4 0.2 24.3612
0.4 0.3 23.1409
0.4 0.4 24.2732
0.4 0.5 32.2081
0.4 0.6 37.9021
0.4 0.7 33.7536
0.4 0.8 23.3965
0.4 0.9 12.8682
0.4 1 4.69578
0.4 1.1 1.04858
0.4 1.2 2.36084
0.4 1.3 7.62259
0.4 1.4 15.4454
0.4 1.5 25.0289
0.4 1.6 34.5065
0.4 1.7 43.9369
0.4 1.8 52.6568
0.4 1.9 60.655
0.4 2 68.2096
0.4 2.1 74.8502
0.4 2.2 81.2596
0.4 2.3 87.0059
0.4 2.4 92.2495
0.4 2.5 97.0676
0.4 2.6 101.918
0.4 2.7 106.394
0.4 2.8 110.688
0.4 2.9 115.014

0.5 -3 115.237
0.5 -2.9 108.874
0.5 -2.8 102.981
0.5 -2.7 97.5456
0.5 -2.6 92.6435
0.5 -2.5 88.003
0.5 -2.4 84.6354
0.5 -2.3 82.0072
0.5 -2.2 80.1412
0.5 -2.1 79.3069
0.5 -2 79.3812
0.5 -1.9 80.3617
0.5 -1.8 81.997
0.5 -1.7 84.0466
0.5 -1.6 85.936
0.5 -1.5 87.4907
0.5 -1.4 87.5663
0.5 -1.3 85.5924
0.5 -1.2 80.5471
0.5 -1.1 71.6796
0.5 -1 57.5534
0.5 -0.9 40.7126
0.5 -0.8 25.5097
0.5 -0.7 16.0673
0.5 -0.6 16.0732
0.5 -0.5 23.456
0.5 -0.4 26.6098
0.5 -0.3 21.2717
0.5 -0.2 20.454
0.5 -0.1 20.702
0.5 0 21.1253
0.5 0.1 21.3121
0.5 0.2 24.0002
0.5 0.3 22.597
0.5 0.4 24.1145
0.5 0.5 32.0873
0.5 0.6 37.0892
0.5 0.7 32.1751
0.5 0.8 21.5795
0.5 0.9 11.1947
0.5 1 3.58782
0.5 1.1 0.674626
0.5 1.2 2.62123
0.5 1.3 8.33169
0.5 1.4 16.6039
0.5 1.5 26.3343
0.5 1.6 35.5251
0.5 1.7 45.0509
0.5 1.8 53.7576
0.5 1.9 61.7407
0.5 2 68.9202
0.5 2.1 75.8769
0.5 2.2 82.0152
0.5 2.3 87.7271
0.5 2.4 92.7072
0.5 2.5 97.6489
0.5 2.6 102.144
0.5 2.7 106.677
0.5 2.8 110.983
0.5 2.9 115.066

0.6 -3 115.194
0.6 -2.9 108.822
0.6 -2.8 102.876
0.6 -2.7 97.8209
0.6 -2.6 92.6905
0.6 -2.5 88.4543
0.6 -2.4 85.142
0.6 -2.3 82.5413
0.6 -2.2 80.8555
0.6 -2.1 80.0804
0.6 -2 80.268
0.6 -1.9 81.2986
0.6 -1.8 82.9298
0.6 -1.7 84.9029
0.6 -1.6 86.6506
0.6 -1.5 88.0207
0.6 -1.4 87.6954
0.6 -1.3 85.3342
0.6 -1.2 79.7898
0.6 -1.1 70.1703
0.6 -1 55.3484
0.6 -0.9 38.4662
0.6 -0.8 23.6479
0.6 -0.7 14.9673
0.6 -0.6 15.8909
0.6 -0.5 23.7675
0.6 -0.4 26.364
0.6 -0.3 20.8921
0.6 -0.2 20.9938
0.6 -0.1 20.5147
0.6 0 21.9641
0.6 0.1 21.0723
0.6 0.2 23.7825
0.6 0.3 22.0696
0.6 0.4 24.0574
0.6 0.5 31.8898
0.6 0.6 36.1699
0.6 0.7 30.5807
0.6 0.8 19.707
0.6 0.9 9.66958
0.6 1 2.6938
0.6 1.1 0.470202
0.6 1.2 2.99081
0.6 1.3 9.12297
0.6 1.4 17.7076
0.6 1.5 27.3913
0.6 1.6 36.5899
0.6 1.7 46.4391
0.6 1.8 55.2042
0.6 1.9 62.9433
0.6 2 70.0857
0.6 2.1 76.7035
0.6 2.2 82.7007
0.6 2.3 88.1295
0.6 2.4 93.1575
0.6 2.5 98.008
0.6 2.6 102.454
0.6 2.7 106.892
0.6 2.8 111.106
0.6 2.9 115.431

0.7 -3 114.959
0.7 -2.9 108.775
0.7 -2.8 103.171
0.7 -2.7 97.9197
0.7 -2.6 92.8512
0.7 -2.5 88.9579
0.7 -2.4 85.6326
0.7 -2.3 83.191
0.7 -2.2 81.5499
0.7 -2.1 80.8688
0.7 -2 81.1538
0.7 -1.9 82.2251
0.7 -1.8 83.8722
0.7 -1.7 85.7291
0.7 -1.6 87.4071
0.7 -1.5 88.3997
0.7 -1.4 87.7496
0.7 -1.3 84.8457
0.7 -1.2 78.8588
0.7 -1.1 68.1303
0.7 -1 53.2683
0.7 -0.9 36.5257
0.7 -0.8 21.6801
0.7 -0.7 13.9756
0.7 -0.6 15.6281
0.7 -0.5 24.0671
0.7 -0.4 26.094
0.7 -0.3 20.5976
0.7 -0.2 21.6433
0.7 -0.1 20.5813
0.7 0 22.9529
0.7 0.1 20.6958
0.7 0.2 23.7246
0.7 0.3 21.6002
0.7 0.4 23.9505
0.7 0.5 31.6408
0.7 0.6 35.2359
0.7 0.7 28.7223
0.7 0.8 18.0858
0.7 0.9 8.48858
0.7 1 1.9086
0.7 1.1 0.375752
0.7 1.2 3.41882
0.7 1.3 10.2619
0.7 1.4 18.9795
0.7 1.5 28.6974
0.7 1.6 38.1723
0.7 1.7 47.6716
0.7 1.8 56.2332
0.7 1.9 63.9905
0.7 2 70.9347
0.7 2.1 77.4363
0.7 2.2 83.296
0.7 2.3 88.8092
0.7 2.4 93.6307
0.7 2.5 98.3635
0.7 2.6 102.886
0.7 2.7 107.236
0.7 2.8 111.49
0.7 2.9 115.496

0.8 -3 115.08
0.8 -2.9 108.971
0.8 -2.8 103.158
0.8 -2.7 98.0483
0.8 -2.6 93.1697
0.8 -2.5 89.3844
0.8 -2.4 86.1048
0.8 -2.3 83.7304
0.8 -2.2 82.2436
0.8 -2.1 81.6995
0.8 -2 82.0398
0.8 -1.9 83.1346
0.8 -1.8 84.7216
0.8 -1.7 86.5643
0.8 -1.6 88.1339
0.8 -1.5 88.6927
0.8 -1.4 87.7201
0.8 -1.3 84.398
0.8 -1.2 77.8421
0.8 -1.1 66.3276
0.8 -1 51.2331
0.8 -0.9 34.4523
0.8 -0.8 19.8811
0.8 -0.7 13.0521
0.8 -0.6 15.5632
0.8 -0.5 24.4536
0.8 -0.4 25.8973
0.8 -0.3 20.4152
0.8 -0.2 22.3465
0.8 -0.1 20.7981
0.8 0 24.0917
0.8 0.1 20.4062
0.8 0.2 23.8132
0.8 0.3 21.2257
0.8 0.4 23.9721
0.8 0.5 31.4043
0.8 0.6 34.2643
0.8 0.7 27.1093
0.8 0.8 16.5959
0.8 0.9 7.24099
0.8 1 1.29262
0.8 1.1 0.401523
0.8 1.2 4.18387
0.8 1.3 11.1882
0.8 1.4 20.1493
0.8 1.5 29.8315
0.8 1.6 39.7867
0.8 1.7 49.1073
0.8 1.8 57.3942
0.8 1.9 65.0162
0.8 2 72.0224
0.8 2.1 78.1923
0.8 2.2 84.0902
0.8 2.3 89.4053
0.8 2.4 94.1398
0.8 2.5 98.7816
0.8 2.6 103.418
0.8 2.7 107.608
0.8 2.8 111.6
0.8 2.9 115.54

0.9 -3 115.018
0.9 -2.9 108.957
0.9 -2.8 103.445
0.9 -2.7 98.2157
0.9 -2.6 93.5742
0.9 -2.5 89.5834
0.9 -2.4 86.6984
0.9 -2.3 84.3379
0.9 -2.2 82.9822
0.9 -2.1 82.526
0.9 -2 82.8997
0.9 -1.9 84.0034
0.9 -1.8 85.6255
0.9 -1.7 87.31
0.9 -1.6 88.7436
0.9 -1.5 88.9148
0.9 -1.4 87.6183
0.9 -1.3 83.8562
0.9 -1.2 76.5285
0.9 -1.1 64.6479
0.9 -1 49.0429
0.9 -0.9 32.0894
0.9 -0.8 18.2564
0.9 -0.7 12.2225
0.9 -0.6 15.7017
0.9 -0.5 24.7948
0.9 -0.4 25.6747
0.9 -0.3 20.2726
0.9 -0.2 23.0418
0.9 -0.1 21.0444
0.9 0 25.3806
0.9 0.1 20.3273
0.9 0.2 24.0098
0.9 0.3 20.9163
0.9 0.4 23.936
0.9 0.5 31.1465
0.9 0.6 33.26
0.9 0.7 25.6148
0.9 0.8 15.0549
0.9 0.9 6.00135
0.9 1 0.786234
0.9 1.1 0.54171
0.9 1.2 4.9139
0.9 1.3 12.2844
0.9 1.4 21.5713
0.9 1.5 31.1934
0.9 1.6 41.6074
0.9 1.7 50.4948
0.9 1.8 58.7434
0.9 1.9 66.0761
0.9 2 72.8499
0.9 2.1 79.2293
0.9 2.2 84.8655
0.9 2.3 90.1201
0.9 2.4 94.862
0.9 2.5 99.4564
0.9 2.6 104.028
0.9 2.7 108.021
0.9 2.8 112.013
0.9 2.9 115.945

1 -3 115.262
1 -2.9 109.036
1 -2.8 103.529
1 -2.7 98.5252
1 -2.6 93.8844
1 -2.5 90.1951
1 -2.4 87.2285
1 -2.3 84.9757
1 -2.2 83.6857
1 -2.1 83.2843
1 -2 83.7671
1 -1.9 84.9118
1 -1.8 86.4551
1 -1.7 88.0392
1 -1.6 89.2264
1 -1.5 89.1287
1 -1.4 87.4283
1 -1.3 83.1633
1 -1.2 75.29
1 -1.1 63.1045
1 -1 46.883
1 -0.9 29.8385
1 -0.8 16.6397
1 -0.7 11.5085
1 -0.6 15.7299
1 -0.5 25.1855
1 -0.4 25.5378
1 -0.3 20.2014
1 -0.2 23.6714
1 -0.1 21.1997
1 0 26.8194
1 0.1 20.4808
1 0.2 24.2591
1 0.3 20.6846
1 0.4 24.0406
1 0.5 30.9087
1 0.6 32.1508
1 0.7 23.9398
1 0.8 13.4863
1 0.9 4.87582
1 1 0.389555
1 1.1 0.954443
1 1.2 5.9204
1 1.3 13.8657
1 1.4 23.1314
1 1.5 33.1967
1 1.6 43.2944
1 1.7 52.0061
1 1.8 60.09
1 1.9 67.3993
1 2 74.1432
1 2.1 80.1674
1 2.2 85.7276
1 2.3 90.7312
1 2.4 95.5356
1 2.5 100.229
1 2.6 104.281
1 2.7 108.251
1 2.8 112.088
1 2.9 115.967

1.1 -3 115.2
1.1 -2.9 109.372
1.1 -2.8 103.673
1.1 -2.7 98.6875
1.1 -2.6 94.2175
1.1 -2.5 90.7703
1.1 -2.4 87.7972
1.1 -2.3 85.655
1.1 -2.2 84.4361
1.1 -2.1 84.1021
1.1 -2 84.6008
1.1 -1.9 85.7241
1.1 -1.8 87.17
1.1 -1.7 88.6311
1.1 -1.6 89.5933
1.1 -1.5 89.3232
1.1 -1.4 87.2514
1.1 -1.3 82.5152
1.1 -1.2 74.3559
1.1 -1.1 61.9792
1.1 -1 45.3015
1.1 -0.9 28.6467
1.1 -0.8 15.5696
1.1 -0.7 10.8507
1.1 -0.6 15.2438
1.1 -0.5 24.9402
1.1 -0.4 25.8907
1.1 -0.3 20.5628
1.1 -0.2 21.6135
1.1 -0.1 20.8009
1.1 0 21.0025
1.1 0.1 20.7641
1.1 0.2 23.9857
1.1 0.3 20.7433
1.1 0.4 25.0215
1.1 0.5 31.0574
1.1 0.6 30.5737
1.1 0.7 21.4638
1.1 0.8 11.608
1.1 0.9 3.71592
1.1 1 0.116399
1.1 1.1 1.67672
1.1 1.2 7.14586
1.1 1.3 15.4289
1.1 1.4 25.0697
1.1 1.5 35.4109
1.1 1.6 44.9464
1.1 1.7 53.6317
1.1 1.8 61.4448
1.1 1.9 68.8138
1.1 2 75.1835
1.1 2.1 81.029
1.1 2.2 86.5263
1.1 2.3 91.5141
1.1 2.4 96.2644
1.1 2.5 100.649
1.1 2.6 104.604
1.1 2.7 108.556
1.1 2.8 112.358
1.1 2.9 116.029

1.2 -3 115.672
1.2 -2.9 109.476
1.2 -2.8 104.186
1.2 -2.7 99.0644
1.2 -2.6 94.8558
1.2 -2.5 91.444
1.2 -2.4 88.4645
1.2 -2.3 86.4156
1.2 -2.2 85.2121
1.2 -2.1 84.9024
1.2 -2 85.3677
1.2 -1.9 86.4437
1.2 -1.8 87.7941
1.2 -1.7 89.1325
1.2 -1.6 89.9048
1.2 -1.5 89.5348
1.2 -1.4 87.2324
1.2 -1.3 82.4381
1.2 -1.2 74.2384
1.2 -1.1 62.0214
1.2 -1 45.6226
1.2 -0.9 29.1029
1.2 -0.8 15.8105
1.2 -0.7 10.1824
1.2 -0.6 13.6985
1.2 -0.5 22.9769
1.2 -0.4 26.9454
1.2 -0.3 22.9046
1.2 -0.2 20.0377
1.2 -0.1 22.4577
1.2 0 24.7336
1.2 0.1 23.4361
1.2 0.2 20.3257
1.2 0.3 21.7754
1.2 0.4 27.514
1.2 0.5 31.4312
1.2 0.6 27.5958
1.2 0.7 18.0541
1.2 0.8 8.68215
1.2 0.9 2.11846
1.2 1 0.097149
1.2 1.1 2.87302
1.2 1.2 9.30299
1.2 1.3 17.9711
1.2 1.4 27.908
1.2 1.5 38.1524
1.2 1.6 47.0869
1.2 1.7 55.5986
1.2 1.8 63.4653
1.2 1.9 70.3568
1.2 2 76.6804
1.2 2.1 82.4207
1.2 2.2 87.7338
1.2 2.3 92.4437
1.2 2.4 97.0723
1.2 2.5 101.227
1.2 2.6 105.051
1.2 2.7 108.867
1.2 2.8 112.629
1.2 2.9 116.445

1.3 -3 115.989
1.3 -2.9 110.183
1.3 -2.8 104.923
1.3 -2.7 99.8883
1.3 -2.6 95.618
1.3 -2.5 92.2271
1.3 -2.4 89.2275
1.3 -2.3 87.1894
1.3 -2.2 85.9755
1.3 -2.1 85.6822
1.3 -2 86.0846
1.3 -1.9 87.0771
1.3 -1.8 88.3639
1.3 -1.7 89.5637
1.3 -1.6 90.2164
1.3 -1.5 89.8
1.3 -1.4 87.4968
1.3 -1.3 82.8343
1.3 -1.2 74.9907
1.3 -1.1 62.984
1.3 -1 47.1975
1.3 -0.9 30.8324
1.3 -0.8 17.1231
1.3 -0.7 9.97241
1.3 -0.6 11.2974
1.3 -0.5 18.7216
1.3 -0.4 26.591
1.3 -0.3 26.2608
1.3 -0.2 22.6142
1.3 -0.1 20.4681
1.3 0 20.3051
1.3 0.1 20.5324
1.3 0.2 21.897
1.3 0.3 25.9698
1.3 0.4 29.9301
1.3 0.5 29.6436
1.3 0.6 22.2544
1.3 0.7 13.2334
1.3 0.8 5.4784
1.3 0.9 0.783951
1.3 1 0.737678
1.3 1.1 4.79083
1.3 1.2 12.1997
1.3 1.3 21.4764
1.3 1.4 31.4241
1.3 1.5 41.2167
1.3 1.6 50.0185
1.3 1.7 58.2349
1.3 1.8 65.7023
1.3 1.9 72.2488
1.3 2 78.5507
1.3 2.1 83.9283
1.3 2.2 88.9205
1.3 2.3 93.6167
1.3 2.4 98.0056
1.3 2.5 101.92
1.3 2.6 105.679
1.3 2.7 109.415
1.3 2.8 113.13
1.3 2.9 116.757

1.4 -3 116.926
1.4 -2.9 111.091
1.4 -2.8 105.617
1.4 -2.7 100.658
1.4 -2.6 96.5725
1.4 -2.5 93.1305
1.4 -2.4 90.1283
1.4 -2.3 88.0855
1.4 -2.2 86.7887
1.4 -2.1 86.4029
1.4 -2 86.7578
1.4 -1.9 87.6361
1.4 -1.8 88.8028
1.4 -1.7 89.9206
1.4 -1.6 90.5253
1.4 -1.5 90.0625
1.4 -1.4 87.8727
1.4 -1.3 83.4196
1.4 -1.2 76.0867
1.4 -1.1 64.9745
1.4 -1 50.3581
1.4 -0.9 34.6725
1.4 -0.8 20.3208
1.4 -0.7 11.0478
1.4 -0.6 9.07319
1.4 -0.5 13.6188
1.4 -0.4 21.6788
1.4 -0.3 27.2
1.4 -0.2 27.0907
1.4 -0.1 25.5446
1.4 0 24.7734
1.4 0.1 25.3923
1.4 0.2 27.3499
1.4 0.3 29.5007
1.4 0.4 29.2706
1.4 0.5 23.7445
1.4 0.6 15.5135
1.4 0.7 7.98301
1.4 0.8 2.23387
1.4 0.9 0.343758
1.4 1 2.46348
1.4 1.1 8.17521
1.4 1.2 16.206
1.4 1.3 25.6086
1.4 1.4 35.4743
1.4 1.5 44.6697
1.4 1.6 53.3198
1.4 1.7 61.2002
1.4 1.8 68.1957
1.4 1.9 74.6646
1.4 2 80.3956
1.4 2.1 85.6247
1.4 2.2 90.433
1.4 2.3 94.8744
1.4 2.4 98.9595
1.4 2.5 102.693
1.4 2.6 106.474
1.4 2.7 110.095
1.4 2.8 113.642
1.4 2.9 117.352

1.5 -3 117.822
1.5 -2.9 112.177
1.5 -2.8 106.742
1.5 -2.7 101.779
1.5 -2.6 97.586
1.5 -2.5 94.1653
1.5 -2.4 91.0258
1.5 -2.3 88.9761
1.5 -2.2 87.6458
1.5 -2.1 87.1583
1.5 -2 87.3745
1.5 -1.9 88.181
1.5 -1.8 89.2417
1.5 -1.7 90.2698
1.5 -1.6 90.8411
1.5 -1.5 90.4641
1.5 -1.4 88.4495
1.5 -1.3 84.4976
1.5 -1.2 78.0017
1.5 -1.1 68.0748
1.5 -1 54.7063
1.5 -0.9 39.9875
1.5 -0.8 25.4463
1.5 -0.7 14.2262
1.5 -0.6 8.48452
1.5 -0.5 9.41638
1.5 -0.4 14.2268
1.5 -0.3 20.7653
1.5 -0.2 25.778
1.5 -0.1 27.902
1.5 0 28.44
1.5 0.1 28.8059
1.5 0.2 28.689
1.5 0.3 26.7412
1.5 0.4 22.0382
1.5 0.5 15.5323
1.5 0.6 8.92036
1.5 0.7 3.37663
1.5 0.8 0.728596
1.5 0.9 1.59801
1.5 1 6.12056
1.5 1.1 12.8282
1.5 1.2 21.3445
1.5 1.3 30.6629
1.5 1.4 40.0101
1.5 1.5 48.6374
1.5 1.6 57.0719
1.5 1.7 64.3792
1.5 1.8 70.9303
1.5 1.9 76.9695
1.5 2 82.3527
1.5 2.1 87.3966
1.5 2.2 91.9267
1.5 2.3 96.1642
1.5 2.4 99.9867
1.5 2.5 103.476
1.5 2.6 107.28
1.5 2.7 110.852
1.5 2.8 114.391
1.5 2.9 117.985

1.6 -3 119.067
1.6 -2.9 113.215
1.6 -2.8 107.991
1.6 -2.7 103.027
1.6 -2.6 98.7907
1.6 -2.5 95.3426
1.6 -2.4 92.0136
1.6 -2.3 89.8498
1.6 -2.2 88.4986
1.6 -2.1 87.9152
1.6 -2 88.0046
1.6 -1.9 88.6695
1.6 -1.8 89.6283
1.6 -1.7 90.574
1.6 -1.6 91.1327
1.6 -1.5 90.8785
1.6 -1.4 89.2097
1.6 -1.3 85.8823
1.6 -1.2 80.2691
1.6 -1.1 71.8338
1.6 -1 60.0821
1.6 -0.9 46.5719
1.6 -0.8 32.0655
1.6 -0.7 19.6938
1.6 -0.6 10.804
1.6 -0.5 7.37726
1.6 -0.4 8.60082
1.6 -0.3 12.185
1.6 -0.2 16.4616
1.6 -0.1 20.0147
1.6 0 21.7076
1.6 0.1 22.0478
1.6 0.2 20.3146
1.6 0.3 16.9386
1.6 0.4 12.3755
1.6 0.5 7.82428
1.6 0.6 3.56979
1.6 0.7 1.10407
1.6 0.8 1.55885
1.6 0.9 5.11005
1.6 1 11.073
1.6 1.1 18.8658
1.6 1.2 27.8044
1.6 1.3 36.5587
1.6 1.4 45.1469
1.6 1.5 53.7658
1.6 1.6 61.1974
1.6 1.7 67.8527
1.6 1.8 73.9772
1.6 1.9 79.4582
1.6 2 84.6515
1.6 2.1 89.1939
1.6 2.2 93.4857
1.6 2.3 97.4131
1.6 2.4 100.971
1.6 2.5 104.823
1.6 2.6 108.239
1.6 2.7 111.694
1.6 2.8 115.219
1.6 2.9 118.744

1.7 -3 120.509
1.7 -2.9 114.708
1.7 -2.8 109.431
1.7 -2.7 104.191
1.7 -2.6 99.9363
1.7 -2.5 96.3334
1.7 -2.4 93.0473
1.7 -2.3 90.9148
1.7 -2.2 89.3771
1.7 -2.1 88.7048
1.7 -2 88.65
1.7 -1.9 89.1578
1.7 -1.8 89.9764
1.7 -1.7 90.8347
1.7 -1.6 91.4299
1.7 -1.5 91.3171
1.7 -1.4 90.1242
1.7 -1.3 87.4255
1.7 -1.2 82.6283
1.7 -1.1 75.4972
1.7 -1 65.6974
1.7 -0.9 53.9181
1.7 -0.8 40.1965
1.7 -0.7 27.216
1.7 -0.6 16.7335
1.7 -0.5 9.82366
1.7 -0.4 6.65481
1.7 -0.3 6.68559
1.7 -0.2 8.38779
1.7 -0.1 10.1591
1.7 0 11.2051
1.7 0.1 11.3247
1.7 0.2 10.2501
1.7 0.3 7.85327
1.7 0.4 5.13548
1.7 0.5 2.69541
1.7 0.6 1.43287
1.7 0.7 2.22053
1.7 0.8 5.47478
1.7 0.9 10.6969
1.7 1 17.7565
1.7 1.1 25.959
1.7 1.2 34.4803
1.7 1.3 43.0146
1.7 1.4 51.779
1.7 1.5 58.7748
1.7 1.6 65.3985
1.7 1.7 71.5027
1.7 1.8 77.0333
1.7 1.9 82.2545
1.7 2 86.806
1.7 2.1 91.1591
1.7 2.2 95.0508
1.7 2.3 98.7882
1.7 2.4 102.343
1.7 2.5 105.805
1.7 2.6 109.22
1.7 2.7 112.601
1.7 2.8 115.974
1.7 2.9 119.597

1.8 -3 121.515
1.8 -2.9 115.831
1.8 -2.8 110.41
1.8 -2.7 105.551
1.8 -2.6 101.416
1.8 -2.5 97.5913
1.8 -2.4 94.31
1.8 -2.3 92.0677
1.8 -2.2 90.418
1.8 -2.1 89.4985
1.8 -2 89.3336
1.8 -1.9 89.6561
1.8 -1.8 90.3153
1.8 -1.7 91.0861
1.8 -1.6 91.7124
1.8 -1.5 91.7696
1.8 -1.4 90.9342
1.8 -1.3 88.7876
1.8 -1.2 84.9258
1.8 -1.1 79.1437
1.8 -1 71.1963
1.8 -0.9 61.1545
1.8 -0.8 48.8658
1.8 -0.7 36.6788
1.8 -0.6 25.7572
1.8 -0.5 16.7855
1.8 -0.4 10.4907
1.8 -0.3 6.79565
1.8 -0.2 5.28506
1.8 -0.1 4.93641
1.8 0 4.88709
1.8 0.1 4.56471
1.8 0.2 3.91485
1.8 0.3 2.92346
1.8 0.4 2.29268
1.8 0.5 2.45254
1.8 0.6 3.91384
1.8 0.7 7.10378
1.8 0.8 11.7591
1.8 0.9 18.4208
1.8 1 25.8822
1.8 1.1 34.1149
1.8 1.2 42.1035
1.8 1.3 50.2709
1.8 1.4 57.2961
1.8 1.5 63.8043
1.8 1.6 69.909
1.8 1.7 75.1851
1.8 1.8 80.3721
1.8 1.9 84.8911
1.8 2 89.1922
1.8 2.1 93.2188
1.8 2.2 96.7943
1.8 2.3 100.206
1.8 2.4 103.706
1.8 2.5 106.965
1.8 2.6 110.312
1.8 2.7 113.658
1.8 2.8 117.039
1.8 2.9 120.514

1.9 -3 123.304
1.9 -2.9 117.541
1.9 -2.8 112.137
1.9 -2.7 107.236
1.9 -2.6 102.855
1.9 -2.5 99.1007
1.9 -2.4 95.7106
1.9 -2.3 93.3188
1.9 -2.2 91.5514
1.9 -2.1 90.4532
1.9 -2 90.0566
1.9 -1.9 90.202
1.9 -1.8 90.6771
1.9 -1.7 91.3206
1.9 -1.6 91.9561
1.9 -1.5 92.1552
1.9 -1.4 91.6395
1.9 -1.3 90.0392
1.9 -1.2 87.1679
1.9 -1.1 82.5191
1.9 -1 76.3431
1.9 -0.9 67.9202
1.9 -0.8 58.0578
1.9 -0.7 46.8783
1.9 -0.6 36.9243
1.9 -0.5 27.1593
1.9 -0.4 19.2162
1.9 -0.3 13.2469
1.9 -0.2 9.23278
1.9 -0.1 6.87761
1.9 0 5.49079
1.9 0.1 4.75671
1.9 0.2 4.38
1.9 0.3 4.63876
1.9 0.4 5.6439
1.9 0.5 7.64694
1.9 0.6 10.7883
1.9 0.7 15.4687
1.9 0.8 21.0192
1.9 0.9 27.5768
1.9 1 34.951
1.9 1.1 42.5155
1.9 1.2 50.0061
1.9 1.3 56.6071
1.9 1.4 62.8531
1.9 1.5 68.7054
1.9 1.6 73.9904
1.9 1.7 79.1399
1.9 1.8 83.7063
1.9 1.9 87.7564
1.9 2 91.5636
1.9 2.1 95.1279
1.9 2.2 98.5173
1.9 2.3 101.903
1.9 2.4 105.084
1.9 2.5 108.348
1.9 2.6 111.548
1.9 2.7 114.798
1.9 2.8 118.135
1.9 2.9 121.509

2 -3 125.236
2 -2.9 119.443
2 -2.8 114.067
2 -2.7 108.873
2 -2.6 104.6
2 -2.5 100.771
2 -2.4 97.274
2 -2.3 94.8011
2 -2.2 92.7282
2 -2.1 91.4772
2 -2 90.8675
2 -1.9 90.7817
2 -1.8 91.1061
2 -1.7 91.6548
2 -1.6 92.2174
2 -1.5 92.5042
2 -1.4 92.2619
2 -1.3 91.2407
2 -1.2 89.1058
2 -1.1 85.3712
2 -1 80.5186
2 -0.9 74.2201
2 -0.8 66.3774
2 -0.7 57.505
2 -0.6 47.927
2 -0.5 39.412
2 -0.4 30.7803
2 -0.3 24.0513
2 -0.2 19.0245
2 -0.1 15.5246
2 0 13.1169
2 0.1 11.923
2 0.2 11.5083
2 0.3 12.3262
2 0.4 14.3694
2 0.5 17.2352
2 0.6 20.9612
2 0.7 25.8753
2 0.8 31.2906
2 0.9 37.641
2 1 44.1009
2 1.1 50.8453
2 1.2 56.7846
2 1.3 62.661
2 1.4 68.3986
2 1.5 73.5624
2 1.6 78.2937
2 1.7 82.6244
2 1.8 86.7689
2 1.9 90.4913
2 2 94.0936
2 2.1 97.1971
2 2.2 100.382
2 2.3 103.53
2 2.4 106.685
2 2.5 109.731
2 2.6 112.789
2 2.7 116.171
2 2.8 119.374
2 2.9 122.827

2.1 -3 127.358
2.1 -2.9 121.546
2.1 -2.8 115.979
2.1 -2.7 110.881
2.1 -2.6 106.533
2.1 -2.5 102.62
2.1 -2.4 99.0733
2.1 -2.3 96.4278
2.1 -2.2 94.1516
2.1 -2.1 92.6579
2.1 -2 91.808
2.1 -1.9 91.4827
2.1 -1.8 91.5869
2.1 -1.7 91.9801
2.1 -1.6 92.4718
2.1 -1.5 92.8201
2.1 -1.4 92.796
2.1 -1.3 92.171
2.1 -1.2 90.6379
2.1 -1.1 87.943
2.1 -1 84.1965
2.1 -0.9 79.4973
2.1 -0.8 73.5677
2.1 -0.7 66.6287
2.1 -0.6 59.0287
2.1 -0.5 51.1991
2.1 -0.4 44.0142
2.1 -0.3 36.8906
2.1 -0.2 31.5475
2.1 -0.1 28.0277
2.1 0 25.4062
2.1 0.1 23.8278
2.1 0.2 22.806
2.1 0.3 23.6086
2.1 0.4 25.7422
2.1 0.5 28.742
2.1 0.6 32.681
2.1 0.7 37.2634
2.1 0.8 42.3527
2.1 0.9 47.5156
2.1 1 52.9505
2.1 1.1 58.3057
2.1 1.2 63.7
2.1 1.3 68.86
2.1 1.4 73.6388
2.1 1.5 78.0737
2.1 1.6 82.1798
2.1 1.7 86.1093
2.1 1.8 89.6301
2.1 1.9 93.1003
2.1 2 96.3151
2.1 2.1 99.3705
2.1 2.2 102.455
2.1 2.3 105.606
2.1 2.4 108.322
2.1 2.5 111.25
2.1 2.6 114.243
2.1 2.7 117.4
2.1 2.8 120.694
2.1 2.9 124.094

2.2 -3 129.688
2.2 -2.9 123.853
2.2 -2.8 118.204
2.2 -2.7 113.144
2.2 -2.6 108.494
2.2 -2.5 104.645
2.2 -2.4 101.093
2.2 -2.3 98.0361
2.2 -2.2 95.6764
2.2 -2.1 93.9742
2.2 -2 92.8828
2.2 -1.9 92.2894
2.2 -1.8 92.1871
2.2 -1.7 92.3931
2.2 -1.6 92.7825
2.2 -1.5 93.1537
2.2 -1.4 93.2517
2.2 -1.3 92.9244
2.2 -1.2 91.9606
2.2 -1.1 90.1348
2.2 -1 87.3924
2.2 -0.9 83.8883
2.2 -0.8 79.5353
2.2 -0.7 74.2731
2.2 -0.6 68.345
2.2 -0.5 62.3213
2.2 -0.4 55.8636
2.2 -0.3 50.142
2.2 -0.2 45.1924
2.2 -0.1 41.45
2.2 0 38.7024
2.2 0.1 37.2275
2.2 0.2 36.4638
2.2 0.3 37.0517
2.2 0.4 38.7356
2.2 0.5 41.47
2.2 0.6 44.4833
2.2 0.7 48.4193
2.2 0.8 52.5752
2.2 0.9 56.669
2.2 1 61.1094
2.2 1.1 65.8999
2.2 1.2 70.1898
2.2 1.3 74.3626
2.2 1.4 78.5704
2.2 1.5 82.317
2.2 1.6 85.9253
2.2 1.7 89.5429
2.2 1.8 92.6576
2.2 1.9 95.7017
2.2 2 98.6115
2.2 2.1 101.581
2.2 2.2 104.446
2.2 2.3 107.159
2.2 2.4 109.973
2.2 2.5 112.92
2.2 2.6 115.701
2.2 2.7 118.826
2.2 2.8 122.04
2.2 2.9 125.361

2.3 -3 132.238
2.3 -2.9 126.096
2.3 -2.8 120.707
2.3 -2.7 115.553
2.3 -2.6 110.954
2.3 -2.5 106.902
2.3 -2.4 103.196
2.3 -2.3 99.9411
2.3 -2.2 97.3148
2.3 -2.1 95.471
2.3 -2 94.0883
2.3 -1.9 93.2992
2.3 -1.8 92.9124
2.3 -1.7 92.9531
2.3 -1.6 93.174
2.3 -1.5 93.465
2.3 -1.4 93.6451
2.3 -1.3 93.5609
2.3 -1.2 93.0185
2.3 -1.1 91.8592
2.3 -1 89.9834
2.3 -0.9 87.4062
2.3 -0.8 84.3088
2.3 -0.7 80.3746
2.3 -0.6 75.8028
2.3 -0.5 71.2201
2.3 -0.4 66.2231
2.3 -0.3 61.7238
2.3 -0.2 57.8509
2.3 -0.1 54.509
2.3 0 51.9737
2.3 0.1 50.5252
2.3 0.2 49.6866
2.3 0.3 49.9059
2.3 0.4 51.0896
2.3 0.5 53.2051
2.3 0.6 55.8341
2.3 0.7 58.8117
2.3 0.8 62.3143
2.3 0.9 65.8171
2.3 1 69.0661
2.3 1.1 72.563
2.3 1.2 76.1822
2.3 1.3 79.6552
2.3 1.4 83.1304
2.3 1.5 86.4419
2.3 1.6 89.5748
2.3 1.7 92.4768
2.3 1.8 95.3271
2.3 1.9 98.1428
2.3 2 100.916
2.3 2.1 103.553
2.3 2.2 106.122
2.3 2.3 108.77
2.3 2.4 111.6
2.3 2.5 114.359
2.3 2.6 117.376
2.3 2.7 120.459
2.3 2.8 123.431
2.3 2.9 126.858

2.4 -3 134.708
2.4 -2.9 128.881
2.4 -2.8 123.398
2.4 -2.7 118.378
2.4 -2.6 113.459
2.4 -2.5 109.296
2.4 -2.4 105.258
2.4 -2.3 101.935
2.4 -2.2 99.2176
2.4 -2.1 97.1488
2.4 -2 95.5468
2.4 -1.9 94.4549
2.4 -1.8 93.834
2.4 -1.7 93.6086
2.4 -1.6 93.6471
2.4 -1.5 93.856
2.4 -1.4 94.0368
2.4 -1.3 94.1024
2.4 -1.2 93.8348
2.4 -1.1 93.1719
2.4 -1 92.0182
2.4 -0.9 90.259
2.4 -0.8 87.908
2.4 -0.7 85.2188
2.4 -0.6 82.0266
2.4 -0.5 78.1249
2.4 -0.4 74.6123
2.4 -0.3 71.2201
2.4 -0.2 68.244
2.4 -0.1 65.6048
2.4 0 63.5333
2.4 0.1 62.0143
2.4 0.2 61.3773
2.4 0.3 61.2269
2.4 0.4 61.9158
2.4 0.5 63.5163
2.4 0.6 65.5063
2.4 0.7 67.6611
2.4 0.8 70.1147
2.4 0.9 72.8696
2.4 1 75.6928
2.4 1.1 78.5078
2.4 1.2 81.4246
2.4 1.3 84.3362
2.4 1.4 87.1491
2.4 1.5 89.9495
2.4 1.6 92.7192
2.4 1.7 95.3504
2.4 1.8 97.942
2.4 1.9 100.47
2.4 2 102.933
2.4 2.1 105.351
2.4 2.2 107.823
2.4 2.3 110.515
2.4 2.4 113.234
2.4 2.5 115.983
2.4 2.6 118.876
2.4 2.7 122.049
2.4 2.8 125.212
2.4 2.9 128.772

2.5 -3 137.664
2.5 -2.9 131.851
2.5 -2.8 126.242
2.5 -2.7 121.119
2.5 -2.6 116.121
2.5 -2.5 111.846
2.5 -2.4 107.79
2.5 -2.3 104.207
2.5 -2.2 101.328
2.5 -2.1 98.9964
2.5 -2 97.1991
2.5 -1.9 95.8446
2.5 -1.8 94.9117
2.5 -1.7 94.444
2.5 -1.6 94.2846
2.5 -1.5 94.3636
2.5 -1.4 94.4887
2.5 -1.3 94.5661
2.5 -1.2 94.5376
2.5 -1.1 94.1859
2.5 -1 93.4942
2.5 -0.9 92.3457
2.5 -0.8 90.7729
2.5 -0.7 88.8761
2.5 -0.6 86.6395
2.5 -0.5 84.0416
2.5 -0.4 81.0112
2.5 -0.3 78.4765
2.5 -0.2 76.3747
2.5 -0.1 74.5259
2.5 0 72.8343
2.5 0.1 71.5768
2.5 0.2 70.6555
2.5 0.3 70.2757
2.5 0.4 70.6967
2.5 0.5 71.6984
2.5 0.6 73.2529
2.5 0.7 74.8738
2.5 0.8 76.892
2.5 0.9 79.1339
2.5 1 81.3845
2.5 1.1 83.8198
2.5 1.2 86.0012
2.5 1.3 88.4157
2.5 1.4 90.8821
2.5 1.5 93.2345
2.5 1.6 95.6011
2.5 1.7 97.9964
2.5 1.8 100.326
2.5 1.9 102.566
2.5 2 104.826
2.5 2.1 107.135
2.5 2.2 109.653
2.5 2.3 112.229
2.5 2.4 114.799
2.5 2.5 117.699
2.5 2.6 120.59
2.5 2.7 123.678
2.5 2.8 126.994
2.5 2.9 130.363

2.6 -3 140.742
2.6 -2.9 134.884
2.6 -2.8 129.217
2.6 -2.7 124.028
2.6 -2.6 119.042
2.6 -2.5 114.346
2.6 -2.4 110.44
2.6 -2.3 106.758
2.6 -2.2 103.598
2.6 -2.1 101.073
2.6 -2 99.0762
2.6 -1.9 97.4688
2.6 -1.8 96.2761
2.6 -1.7 95.4502
2.6 -1.6 95.0657
2.6 -1.5 94.9837
2.6 -1.4 94.9969
2.6 -1.3 95.0941
2.6 -1.2 95.102
2.6 -1.1 94.982
2.6 -1 94.597
2.6 -0.9 93.9176
2.6 -0.8 92.9621
2.6 -0.7 91.6982
2.6 -0.6 90.1377
2.6 -0.5 88.2763
2.6 -0.4 86.2754
2.6 -0.3 84.3616
2.6 -0.2 82.6402
2.6 -0.1 81.1346
2.6 0 79.9002
2.6 0.1 79.0609
2.6 0.2 78.554
2.6 0.3 78.2174
2.6 0.4 78.2922
2.6 0.5 78.9659
2.6 0.6 80.0248
2.6 0.7 81.3713
2.6 0.8 82.8737
2.6 0.9 84.5523
2.6 1 86.3731
2.6 1.1 88.325
2.6 1.2 90.0425
2.6 1.3 92.0526
2.6 1.4 94.0979
2.6 1.5 96.1463
2.6 1.6 98.1995
2.6 1.7 100.307
2.6 1.8 102.397
2.6 1.9 104.524
2.6 2 106.676
2.6 2.1 109.104
2.6 2.2 111.549
2.6 2.3 114.005
2.6 2.4 116.628
2.6 2.5 119.381
2.6 2.6 122.406
2.6 2.7 125.476
2.6 2.8 128.689
2.6 2.9 132.297

2.7 -3 143.986
2.7 -2.9 138.271
2.7 -2.8 132.357
2.7 -2.7 127.33
2.7 -2.6 122.112
2.7 -2.5 117.439
2.7 -2.4 113.303
2.7 -2.3 109.443
2.7 -2.2 106.311
2.7 -2.1 103.393
2.7 -2 101.163
2.7 -1.9 99.4185
2.7 -1.8 97.7344
2.7 -1.7 96.769
2.7 -1.6 96.0879
2.7 -1.5 95.7784
2.7 -1.4 95.6933
2.7 -1.3 95.6916
2.7 -1.2 95.6899
2.7 -1.1 95.6638
2.7 -1 95.493
2.7 -0.9 95.123
2.7 -0.8 94.5467
2.7 -0.7 93.7339
2.7 -0.6 92.6986
2.7 -0.5 91.4732
2.7 -0.4 90.2158
2.7 -0.3 88.8459
2.7 -0.2 87.6698
2.7 -0.1 86.5043
2.7 0 85.5042
2.7 0.1 84.8641
2.7 0.2 84.4277
2.7 0.3 84.2002
2.7 0.4 84.3164
2.7 0.5 84.8526
2.7 0.6 85.5139
2.7 0.7 86.5266
2.7 0.8 87.708
2.7 0.9 89.017
2.7 1 90.4475
2.7 1.1 92.0122
2.7 1.2 93.7445
2.7 1.3 95.276
2.7 1.4 97.0184
2.7 1.5 98.8147
2.7 1.6 100.632
2.7 1.7 102.492
2.7 1.8 104.411
2.7 1.9 106.724
2.7 2 108.769
2.7 2.1 110.949
2.7 2.2 113.311
2.7 2.3 115.743
2.7 2.4 118.434
2.7 2.5 121.227
2.7 2.6 124.155
2.7 2.7 127.208
2.7 2.8 130.667
2.7 2.9 134.128

2.8 -3 147.579
2.8 -2.9 141.698
2.8 -2.8 135.865
2.8 -2.7 130.668
2.8 -2.6 125.071
2.8 -2.5 120.656
2.8 -2.4 116.349
2.8 -2.3 112.458
2.8 -2.2 109.118
2.8 -2.1 106.052
2.8 -2 103.522
2.8 -1.9 101.403
2.8 -1.8 99.5006
2.8 -1.7 98.3679
2.8 -1.6 97.4372
2.8 -1.5 96.7993
2.8 -1.4 96.5721
2.8 -1.3 96.4569
2.8 -1.2 96.4037
2.8 -1.1 96.3434
2.8 -1 96.2662
2.8 -0.9 96.0946
2.8 -0.8 95.7698
2.8 -0.7 95.3329
2.8 -0.6 94.6457
2.8 -0.5 93.9314
2.8 -0.4 93.0419
2.8 -0.3 92.2375
2.8 -0.2 91.4091
2.8 -0.1 90.6017
2.8 0 89.983
2.8 0.1 89.411
2.8 0.2 89.1069
2.8 0.3 88.9409
2.8 0.4 89.0751
2.8 0.5 89.4409
2.8 0.6 90.0112
2.8 0.7 90.8654
2.8 0.8 91.7731
2.8 0.9 92.7646
2.8 1 93.9472
2.8 1.1 95.2555
2.8 1.2 96.6502
2.8 1.3 98.1048
2.8 1.4 99.6107
2.8 1.5 101.183
2.8 1.6 102.828
2.8 1.7 104.698
2.8 1.8 106.648
2.8 1.9 108.61
2.8 2 110.717
2.8 2.1 112.946
2.8 2.2 115.333
2.8 2.3 117.819
2.8 2.4 120.493
2.8 2.5 123.292
2.8 2.6 126.327
2.8 2.7 129.597
2.8 2.8 133.005
2.8 2.9 136.623

2.9 -3 151.149
2.9 -2.9 145.286
2.9 -2.8 139.44
2.9 -2.7 134.167
2.9 -2.6 128.512
2.9 -2.5 124.12
2.9 -2.4 119.636
2.9 -2.3 115.604
2.9 -2.2 112.135
2.9 -2.1 108.893
2.9 -2 105.966
2.9 -1.9 103.603
2.9 -1.8 101.739
2.9 -1.7 100.163
2.9 -1.6 99.0867
2.9 -1.5 98.1442
2.9 -1.4 97.6759
2.9 -1.3 97.4384
2.9 -1.2 97.2773
2.9 -1.1 97.1651
2.9 -1 97.0858
2.9 -0.9 96.9546
2.9 -0.8 96.8088
2.9 -0.7 96.5674
2.9 -0.6 96.1778
2.9 -0.5 95.7147
2.9 -0.4 95.2348
2.9 -0.3 94.7657
2.9 -0.2 94.2037
2.9 -0.1 93.6787
2.9 0 93.2851
2.9 0.1 93.0096
2.9 0.2 92.7316
2.9 0.3 92.6092
2.9 0.4 92.7489
2.9 0.5 93.0665
2.9 0.6 93.5605
2.9 0.7 94.3003
2.9 0.8 95.1
2.9 0.9 95.9918
2.9 1 97.0231
2.9 1.1 98.0728
2.9 1.2 99.2693
2.9 1.3 100.642
2.9 1.4 102.017
2.9 1.5 103.471
2.9 1.6 105.136
2.9 1.7 106.822
2.9 1.8 108.623
2.9 1.9 110.578
2.9 2 112.67
2.9 2.1 114.919
2.9 2.2 117.268
2.9 2.3 119.848
2.9 2.4 122.599
2.9 2.5 125.543
2.9 2.6 128.588
2.9 2.7 131.768
2.9 2.8 135.244
2.9 2.9 138.922
